0.0027604759670794	-0.00797440018504858	
0.0027604759670794	-0.00512076867744327	
0.00398730160668492	-0.00385161791928113	
0.00490742037072778	-0.00314987380988896	
0.00644095195457339	-0.0026830667629838	
0.00705436477437615	-0.00235979841090739	
0.00858789682388306	-0.00210155150853097	
0.00950801558792591	-0.00190035218838602	
0.0113482540473342	-0.00175620021764189	
0.0119616659358144	-0.00162370316684246	
0.0131884915754199	-0.00150224741082639	
0.0147220231592655	-0.00140226120129228	
0.015948848798871	-0.00132521672639996	
0.0174823813140392	-0.00124314206186682	
0.0180957932025194	-0.00118161679711193	
0.0193226188421249	-0.00111285329330713	
0.020856149494648	-0.00105832086410373	
0.0217762682586908	-0.00101219222415239	
0.0230030938982964	-0.000969621411059052	
0.0242299195379019	-0.000919382902793586	
0.0254567451775074	-0.000884234381373972	
0.0266835708171129	-0.00084963790141046	
0.0276036895811558	-0.000823506503365934	
0.029137222096324	-0.000775476277340204	
0.0303640458732843	-0.000744805671274662	
0.0312841646373272	-0.000718367577064782	
0.0318975783884525	-0.000701866752933711	
0.0337378159165382	-0.000672484282404184	
0.0349646434187889	-0.00064800912514329	
0.0358847603201866	-0.000623472617007792	
0.0374182909727097	-0.000603107328061014	
0.0383384115993977	-0.000584766268730164	
0.0398719422519207	-0.000558205530978739	
0.041405476629734	-0.000544219685252756	
0.0426323004066944	-0.000525571987964213	
0.0435524210333824	-0.000506372132804245	
0.0444725379347801	-0.000489503319840878	
0.0456993654370308	-0.00047748041106388	
0.0469261892139912	-0.000454416091088206	
0.0478463098406792	-0.000447729893494397	
0.0496865473687649	-0.000422518642153591	
0.0499932542443275	-0.000417181930970401	
0.0515267848968506	-0.000402460049372166	
0.052753608673811	-0.000388351531000808	
0.0539804361760616	-0.00037215746124275	
0.0555139668285847	-0.000357926270226017	
0.0564340874552727	-0.000342959014233202	
0.0579676181077957	-0.00034105742815882	
0.0591944418847561	-0.000328727823216468	
0.0604212693870068	-0.000321182858897373	
0.0613413862884045	-0.000306215573800728	
0.0625682100653648	-0.00029768914100714	
0.0637950375676155	-0.000289408082608134	
0.0650218650698662	-0.000274870195426047	
0.0656352788209915	-0.000269962911261246	
0.0671688094735146	-0.000256958534009755	
0.0680889263749123	-0.000253032718319446	
0.0696224570274353	-0.000238126784097403	
0.0711559876799583	-0.000231624610023573	
0.0720761120319366	-0.000226962671149522	
0.0729962289333344	-0.000221748661715537	
0.0745297595858574	-0.000209541743970476	
0.0754498764872551	-0.000198132271179929	
0.0769834071397781	-0.000196782770217396	
0.0779035314917564	-0.000201199334696867	
0.0791303515434265	-0.000181570125278085	
0.0800504758954048	-0.000180834031198174	
0.0809705927968025	-0.000177214897121303	
0.0831175372004509	-0.000175190638401546	
0.0840376541018486	-0.000172000887687318	
0.0852644816040993	-0.000166541518410668	
0.086184598505497	-0.000159671297296882	
0.08771812915802	-0.000155500092660077	
0.0883315429091454	-0.00015047010674607	
0.089558370411396	-0.00014304781507235	
0.0907851979136467	-0.000131576991407201	
0.0920120179653168	-0.000123713063658215	
0.0935455560684204	-0.00012084843183402	
0.0950790867209435	-0.00011722316412488	
0.0956925004720688	-0.000113107162178494	
0.0972260311245918	-0.000112199311843142	
0.0987595617771149	-0.000114223570562899	
0.0993729755282402	-0.000111561363155488	
0.101213209331036	-0.000106917825178243	
0.101519919931889	-0.00010334776743548	
0.103360153734684	-0.000103298691101372	
0.103973567485809	-9.8526339570526E-05	
0.105507098138332	-9.45821011555381E-05	
0.106733925640583	-8.83559623616748E-05	
0.107960753142834	-9.29074813029729E-05	
0.109187573194504	-8.71966112754308E-05	
0.110414400696754	-8.54361132951453E-05	
0.11102781444788	-7.74678846937604E-05	
0.11225464195013	-7.50326362322085E-05	
0.113481462001801	-7.4928357207682E-05	
0.115321703255177	-6.95855342200957E-05	
0.115935117006302	-6.98063595336862E-05	
0.117775350809097	-7.01621393091045E-05	
0.118695475161076	-6.60584119032137E-05	
0.120229005813599	-6.37949196971022E-05	
0.120842419564724	-6.236566696316E-05	
0.122375950217247	-5.48206880921498E-05	
0.12390948086977	-5.49126998521388E-05	
0.124829597771168	-5.69124276807997E-05	
0.125749722123146	-5.23240996699315E-05	
0.127283245325089	-4.72695792268496E-05	
0.128203362226486	-4.54661458206829E-05	
0.129123494029045	-4.70303493784741E-05	
0.130350306630135	-4.19635580328759E-05	
0.131883844733238	-3.84548402507789E-05	
0.133110672235489	-4.40123585576657E-05	
0.13433749973774	-3.99515665776562E-05	
0.13556432723999	-4.03502854169346E-05	
0.13679113984108	-3.41670856869314E-05	
0.13801796734333	-2.94744768325472E-05	
0.139244794845581	-2.87322473013774E-05	
0.140164911746979	-3.06706315313932E-05	
0.141698449850082	-2.453037086525E-05	
0.142311856150627	-2.25306448555784E-05	
0.143845394253731	-2.25245112233097E-05	
0.145072221755981	-2.31256562983617E-05	
0.146605744957924	-1.99297755898442E-05	
0.147525861859322	-1.78012342075817E-05	
0.148752689361572	-1.92120824067388E-05	
0.149979516863823	-1.86906818271382E-05	
0.150899633765221	-1.59916653501568E-05	
0.152433171868324	-1.22069095596089E-05	
0.153353288769722	-9.32509919948643E-06	
0.154580116271973	-1.09598440758418E-05	
0.155806943774223	-9.24903633858776E-06	
0.157647177577019	-5.56119903194485E-06	
0.157953888177872	-4.56072302768007E-06	
0.159487411379814	-5.23793050888344E-06	
0.160407528281212	-4.99869975101319E-06	
0.161634355783463	-8.48962883992499E-07	
0.163474604487419	-1.7078635892176E-06	
0.164088010787964	-1.63977472311672E-06	
0.165314838290215	-2.0101533664274E-06	
0.166848361492157	2.86586418951629E-06	
0.168075188994408	6.67024960421259E-06	
0.169302016496658	6.4586224652885E-06	
0.170222133398056	5.59677755518351E-06	
0.17175567150116	8.32707701192703E-06	
0.17298249900341	1.18057405416039E-05	
0.174209326505661	1.19762689791969E-05	
0.174516022205353	1.20492659334559E-05	
0.176662966609001	1.31718106786138E-05	
0.177889794111252	1.50237037814804E-05	
0.17880991101265	1.7872391254059E-05	
0.179730027914047	1.57015238073654E-05	
0.180956855416298	1.70179082488175E-05	
0.182183682918549	2.00984668481397E-05	
0.183103799819946	2.57510673691286E-05	
0.184330627322197	2.77998642559396E-05	
0.185557454824448	2.70269647444366E-05	
0.186477571725845	3.20508152071852E-05	
0.188317805528641	3.41302838933188E-05	
0.189544633030891	3.62036189471837E-05	
0.191078171133995	3.27071647916455E-05	
0.191384881734848	3.47436980518978E-05	
0.193225115537643	3.71666756109335E-05	
0.193838521838188	3.69458466593642E-05	
0.195985466241837	3.52466959157027E-05	
0.196905583143234	4.16875263908878E-05	
0.197825714945793	4.2386818677187E-05	
0.199359238147736	4.18776871811133E-05	
0.200279355049133	4.36013760918286E-05	
0.201812893152237	4.52575914096087E-05	
0.202733010053635	4.55213557870593E-05	
0.203653126955032	4.75456181447953E-05	
0.205493360757828	4.84473348478787E-05	
0.206106781959534	4.76621680718381E-05	
0.207026898860931	5.2968185627833E-05	
0.208560436964035	4.92570397909731E-05	
0.209480553865433	5.41766094102059E-05	
0.211014077067375	4.87663091917057E-05	
0.211934193968773	5.12260958203115E-05	
0.213774442672729	5.53482277609874E-05	
0.21500127017498	5.52439487364609E-05	
0.21622808277607	5.25019931956194E-05	
0.217148214578629	5.61579327040818E-05	
0.217761620879173	5.85686466365587E-05	
0.218988448381424	5.92495343880728E-05	
0.220521971583366	5.93231416132767E-05	
0.221748799085617	5.70719166717026E-05	
0.223282337188721	5.9427424275782E-05	
0.224509164690971	6.00592393311672E-05	
0.225122570991516	5.9997895732522E-05	
0.226962804794312	5.9881349443458E-05	
0.227576225996017	6.3475948991254E-05	
0.229416459798813	6.39789432170801E-05	
0.230336576700211	6.07401270826813E-05	
0.231563404202461	5.76607926632278E-05	
0.233096942305565	6.16602483205497E-05	
0.234017059206963	6.32183146080934E-05	
0.23493717610836	6.12369913142174E-05	
0.236470714211464	6.1703183746431E-05	
0.237390831112862	6.11695140833035E-05	
0.238310948014259	6.18688063696027E-05	
0.239844471216202	6.05622371949721E-05	
0.241071298718452	6.19730853941292E-05	
0.242298126220703	6.2224586145021E-05	
0.242911547422409	6.80826778989285E-05	
0.244751781225204	6.5935731981881E-05	
0.246285304427147	6.46291591692716E-05	
0.246592015028	6.15989047219045E-05	
0.248125553131104	6.74999319016933E-05	
0.249965786933899	6.99045122019015E-05	
0.250579208135605	6.54940740787424E-05	
0.251499325037003	6.48131826892495E-05	
0.253032863140106	6.93892434355803E-05	
0.254259675741196	7.10822641849518E-05	
0.255793213844299	7.23090925021097E-05	
0.256713330745697	6.95671333232895E-05	
0.257633447647095	7.12662877049297E-05	
0.258860260248184	7.28611630620435E-05	
0.260393798351288	7.71795894252136E-05	
0.261313915252686	7.42413394618779E-05	
0.262540757656097	7.4032781412825E-05	
0.263767570257187	7.66029770602472E-05	
0.264687687158585	7.69771577324718E-05	
0.265607804059982	7.81181079219095E-05	
0.267754763364792	7.59527611080557E-05	
0.268368154764175	7.83327996032313E-05	
0.269594997167587	8.05288218543865E-05	
0.271435230970383	8.12587823020294E-05	
0.27235534787178	7.86763121141121E-05	
0.273275464773178	8.04306764621288E-05	
0.27450230717659	8.74297111295164E-05	
0.275729119777679	8.83191605680622E-05	
0.277262657880783	8.53993187774904E-05	
0.278182774782181	8.35161408758722E-05	
0.279716312885284	8.82884924067184E-05	
0.280329704284668	9.3036302132532E-05	
0.282169938087463	8.75523910508491E-05	
0.283090084791183	8.85093177203089E-05	
0.284316897392273	8.62028828123584E-05	
0.285543709993362	9.02698157005943E-05	
0.286770552396774	8.35590763017535E-05	
0.287997364997864	8.3000872109551E-05	
0.288917481899261	8.74297111295164E-05	
0.290144324302673	8.8846696598921E-05	
0.291677862405777	9.07482753973454E-05	
0.292597979307175	8.62519591464661E-05	
0.293518096208572	8.95153134479187E-05	
0.295051604509354	9.34902273002081E-05	
0.296585142612457	9.55819632508792E-05	
0.297505259513855	9.37601289479062E-05	
0.298732101917267	9.58150631049648E-05	
0.299652218818665	9.6109499281738E-05	
0.300879031419754	9.90538828773424E-05	
0.302412569522858	9.48458691709675E-05	
0.303639382123947	9.86613013083115E-05	
0.304559528827667	9.53611379372887E-05	
0.305786341428757	9.62076446739957E-05	
0.307013154029846	9.49992245296016E-05	
0.308239996433258	9.43735431064852E-05	
0.308853417634964	9.57966622081585E-05	
0.311000347137451	9.81337652774528E-05	
0.311920464038849	9.60726974881254E-05	
0.313147306442261	9.48704109760001E-05	
0.314067423343658	9.72259149421006E-05	
0.31560093164444	9.8127631645184E-05	
0.316521048545837	9.8974138381891E-05	
0.317747890949249	9.72627167357132E-05	
0.318974703550339	0.000102893842267804	
0.320508241653442	0.000104427374026272	
0.320814937353134	0.000101329642347991	
0.322655200958252	9.86551604000852E-05	
0.323882013559341	0.000103679012681823	
0.324802130460739	0.000102801830507815	
0.326028972864151	0.000105010120023508	
0.326949089765549	0.000103587000921834	
0.328789323568344	0.000102599406091031	
0.329709440469742	0.000104550061223563	
0.331242978572845	0.00010669700714061	
0.332469791173935	0.000104384438600391	
0.333696603775024	0.000102881575003266	
0.334923446178436	0.000108402287878562	
0.335536867380142	0.000106359628261998	
0.337070375680923	0.000107525112980511	
0.338297218084335	0.000104991719126701	
0.339524030685425	0.000104494851257186	
0.340750873088837	0.000108954365714453	
0.341977685689926	0.000108482032374013	
0.343204528093338	0.000107469903014135	
0.344124644994736	0.000107518979348242	
0.345351457595825	0.000108966632978991	
0.346578270196915	0.000107610991108231	
0.347805112600327	0.000108475898741744	
0.349031925201416	0.000106279883766547	
0.350258767604828	0.000112211586383637	
0.351792305707932	0.000113634698209353	
0.352712422609329	0.000111273060610984	
0.353939235210419	0.000112518289824948	
0.355472773313522	0.000112794325104915	
0.35639289021492	0.000114254246000201	
0.357313007116318	0.00011446894495748	
0.358539819717407	0.000111825131170917	
0.359766662120819	0.000114781782031059	
0.360686779022217	0.000116174232971389	
0.36222031712532	0.000111493893200532	
0.36344712972641	0.000112763656943571	
0.364980667829514	0.000113732850877568	
0.365594089031219	0.000112929279566742	
0.367127597332001	0.000114321723231114	
0.368354439735413	0.000110334542114288	
0.369581252336502	0.000113039692223538	
0.3705013692379	0.000119124742923304	
0.371728211641312	0.000119695221656002	
0.372955024242401	0.000114879927423317	
0.374181866645813	0.000116033144877292	
0.375408679246902	0.000114922870125156	
0.376635491847992	0.000119603209896013	
0.377862334251404	0.000118167823529802	
0.37847575545311	0.000115382928925101	
0.380622684955597	0.000119830168841872	
0.381542801856995	0.000121173543448094	
0.382156223058701	0.000119044998427853	
0.383689761161804	0.000118149415357038	
0.384916573762894	0.00011796539183706	
0.386143386363983	0.000122535318951122	
0.387983649969101	0.000120756420074031	
0.388290345668793	0.000118793504952919	
0.389517158269882	0.000122038458357565	
0.390744000673294	0.000120382239401806	
0.392584234476089	0.000120977252663579	
0.393504351377487	0.000118879383080639	
0.394731163978577	0.000122664132504724	
0.395344585180283	0.000125455160741694	
0.397184818983078	0.000123424761113711	
0.398104935884476	0.000123473844723776	
0.399331778287888	0.000127332212287001	
0.400558590888977	0.000129914667923003	
0.402092128992081	0.000131822380353697	
0.402705550193787	0.000130049622384831	
0.403932362794876	0.000130693704704754	
0.405159205198288	0.000129669308080338	
0.406386017799377	0.000132889719679952	
0.407919555902481	0.000129331936477683	
0.408532977104187	0.000128000829135999	
0.409759789705276	0.000127215651446022	
0.41129332780838	0.000128074432723224	
0.412826865911484	0.000130804124637507	
0.413440257310867	0.00012752236216329	
0.414667099714279	0.000130209111375734	
0.41620060801506	0.000130675311083905	
0.417427450418472	0.000136772621772252	
0.418654263019562	0.000132546207169071	
0.419881105422974	0.000141183059895411	
0.420187801122665	0.000144299207022414	
0.422334760427475	0.000150286112329923	
0.423254877328873	0.000148267979966477	
0.424481689929962	0.000146145568578504	
0.426015228033066	0.000146090373164043	
0.426935344934464	0.000150120482430793	
0.427548766136169	0.000148881386849098	
0.429388999938965	0.000146440012031235	
0.43122923374176	0.000148323189932853	
0.431842654943466	0.000154733352246694	
0.432762771844864	0.000149868981679901	
0.433989584445953	0.000149899657117203	
0.435216426849365	0.000146084232255816	
0.436443239450455	0.0001497401681263	
0.437363356351852	0.000154659748659469	
0.439203590154648	0.00014913288759999	
0.44043043255806	0.000151028332766145	
0.441657245159149	0.000157426227815449	
0.442577362060547	0.000157420101459138	
0.444110900163651	0.000157291287905537	
0.445031017065048	0.000163057367899455	
0.446257829666138	0.000161370480782352	
0.44748467206955	0.000166290046763606	
0.448404788970947	0.000163836390129291	
0.449631601572037	0.000166296173119918	
0.450245022773743	0.000162634110893123	
0.452085256576538	0.000169136284966953	
0.453005373477936	0.000167743826750666	
0.454845607280731	0.000163860924658366	
0.455765753984451	0.000166811441886239	
0.456992566585541	0.000170872241142206	
0.457605987787247	0.000168786631547846	
0.459752917289734	0.000168228434631601	
0.46036633849144	0.000169406179338694	
0.461593151092529	0.000172135871252976	
0.462819993495941	0.000175117049366236	
0.464046806097031	0.000170062528923154	
0.465273648500443	0.00017278607992921	
0.466807156801224	0.000171283230884001	
0.46742057800293	0.000172865824424662	
0.468647420406342	0.000172326021129265	
0.470487654209137	0.000171185078215785	
0.471714466810226	0.000171964114997536	
0.472634583711624	0.000173675536643714	
0.474168121814728	0.000172491651028395	
0.475088238716125	0.000171528590726666	
0.476315051317215	0.000173485372215509	
0.477541893720627	0.000180490547791123	
0.478462010622025	0.000178159578354098	
0.479688823223114	0.000179472277523018	
0.481222361326218	0.000175399225554429	
0.482142478227615	0.000180674571311101	
0.483369320631027	0.000183398122317158	
0.484289437532425	0.000170590094057843	
0.485822975635529	0.000181570183485746	
0.486743092536926	0.000178135072928853	
0.487969905138016	0.000179484573891386	
0.489196717739105	0.00017052874318324	
0.490423560142517	0.000181386159965768	
0.491650372743607	0.000179545910214074	
0.49318391084671	0.000186722842045128	
0.494410753250122	0.000174147877260111	
0.49533087015152	0.000175006658537313	
0.496557682752609	0.000176908244611695	
0.497477799654007	0.000172859712620266	
0.499624758958817	0.000181140785571188	
0.499931454658508	0.00017991395725403	
0.501771688461304	0.00018095676205121	
0.502691805362701	0.000185925411642529	
0.503611922264099	0.000181692856131122	
0.504838764667511	0.000172553016454913	
0.506372272968292	0.000180343355168588	
0.506985723972321	0.000174393251654692	
0.508519232273102	0.000181324809091166	
0.509746074676514	0.000168933882378042	
0.510666191577911	0.000180220667971298	
0.512199699878693	0.000179607261088677	
0.513426542282104	0.000179177863174118	
0.514346659183502	0.000173595806700177	
0.515880167484283	0.0001810794492485	
0.517413735389709	0.000171387524460442	
0.518333852291107	0.000177398964297026	
0.518640518188477	0.00017249166558031	
0.520174086093903	0.000174331900780089	
0.521707594394684	0.000173473134054802	
0.522627711296082	0.000175804103491828	
0.523854553699493	0.000175068009411916	
0.525694787502289	0.000174209228134714	
0.526308178901672	0.000173595806700177	
0.528148412704468	0.00017457727517467	
0.529068529605865	0.000179300550371408	
0.529988646507263	0.000170344719663262	
0.531215488910675	0.000171510211657733	
0.532442331314087	0.000174393251654692	
0.533362448215485	0.000175804103491828	
0.53520268201828	0.000172307642060332	
0.536122798919678	0.000172368992934935	
0.53734964132309	0.000172000945894979	
0.537963032722473	0.000175068009411916	
0.539803266525269	0.000169976672623307	
0.540723383426666	0.000169485952937976	
0.541950225830078	0.000175006658537313	
0.542870342731476	0.000171142164617777	
0.544710576534271	0.000172798376297578	
0.545323967933655	0.000165314748301171	
0.54716420173645	0.000175926776137203	
0.548391044139862	0.000180650051333942	
0.54900449514389	0.000174147877260111	
0.550538003444672	0.000167952413903549	
0.551764845848084	0.000166848272783682	
0.553298354148865	0.000173718493897468	
0.553911745548248	0.000177214940777048	
0.555445313453674	0.000169240578543395	
0.556365430355072	0.000173227759660222	
0.557592272758484	0.000169179242220707	
0.559125781059265	0.000172368992934935	
0.560659289360046	0.000174086540937424	
0.561272740364075	0.000167829726706259	
0.562499523162842	0.00017157154798042	
0.56341964006424	0.000169240578543395	
0.565566599369049	0.00016715498350095	
0.566180050373077	0.000172982399817556	
0.567406833171844	0.000167952413903549	
0.568633675575256	0.00017157154798042	
0.570167183876038	0.000174761298694648	
0.570473909378052	0.000172184969414957	
0.572007417678833	0.000170283383340575	
0.573234260082245	0.000175190682057291	
0.574461102485657	0.000173227759660222	
0.575687944889069	0.00017353447037749	
0.576914727687836	0.000173166423337534	
0.578141570091248	0.000167339007020928	
0.579061686992645	0.000171510211657733	
0.580288529396057	0.00015961000462994	
0.582128763198853	0.000168320460943505	
0.582742154598236	0.000165253397426568	
0.583968997001648	0.000174209228134714	
0.585502505302429	0.000166602912941016	
0.586729347705841	0.000162186333909631	
0.587649464607239	0.000168872531503439	
0.588876307010651	0.000173779830220155	
0.590409815311432	0.000166848272783682	
0.591636657714844	0.000170958141097799	
0.592250049114227	0.000163658522069454	
0.593783617019653	0.0001726143527776	
0.594703733921051	0.000168197773746215	
0.596237242221832	0.000167891077580862	
0.59715735912323	0.000172307642060332	
0.598384201526642	0.000177276291651651	
0.599610984325409	0.000180159331648611	
0.601144552230835	0.000174270564457402	
0.602371394634247	0.000175865439814515	
0.603291511535645	0.0001734117831802	
0.604211628437042	0.000177582987817004	
0.606051862239838	0.000174515924300067	
0.606971979141235	0.000175865439814515	
0.607892096042633	0.000169547289260663	
0.609118938446045	0.000178932503331453	
0.610652446746826	0.0001726143527776	
0.611879289150238	0.000170774117577821	
0.612799406051636	0.000173963853740133	
0.614332914352417	0.000180588715011254	
0.615253031253815	0.000170774117577821	
0.616173148155212	0.000168320460943505	
0.618320107460022	0.000163290475029498	
0.61924022436142	0.000176601533894427	
0.620160341262817	0.000168013750226237	
0.621080458164215	0.000172982399817556	
0.622307300567627	0.000164333279826678	
0.623840808868408	0.000170099359820597	
0.625987768173218	0.000166296202223748	
0.626601159572601	0.000162615731824189	
0.626907885074615	0.00016611217870377	
0.628441393375397	0.000171755571500398	
0.629974961280823	0.000171632898855023	
0.63120174407959	0.000166173515026458	
0.632121860980988	0.000175742752617225	
0.633041977882385	0.000165130710229278	
0.634575545787811	0.000178503119968809	
0.635495662689209	0.000172798376297578	
0.637335896492004	0.000174638611497357	
0.638256013393402	0.00017469996237196	
0.6391761302948	0.0001734117831802	
0.640402972698212	0.000164394616149366	
0.641936480998993	0.000169915336300619	
0.642856597900391	0.000165008037583902	
0.644083440303802	0.000169669976457953	
0.645310282707214	0.000169363265740685	
0.646843791007996	0.000165008037583902	
0.648070633411407	0.000165376084623858	
0.649297416210175	0.000163535849424079	
0.650217533111572	0.00017249166558031	
0.651444375514984	0.000173227759660222	
0.652671217918396	0.000173963853740133	
0.653591334819794	0.000171632898855023	
0.654818177223206	0.00017549739277456	
0.656044960021973	0.000167891077580862	
0.65696507692337	0.000170590094057843	
0.658498644828796	0.000174638611497357	
0.659725427627563	0.000178748479811475	
0.66125899553299	0.000166357538546436	
0.661872386932373	0.000169915336300619	
0.663099229335785	0.000168381797266193	
0.664632737636566	0.000179177863174118	
0.665859580039978	0.000174270564457402	
0.666779696941376	0.000176233486854471	
0.668313205242157	0.000175313369254582	
0.669540047645569	0.000179975308128633	
0.670766890048981	0.000179055190528743	
0.671687006950378	0.000173595806700177	
0.67291384935379	0.000174331900780089	
0.674140632152557	0.000178441769094206	
0.675367474555969	0.000183103707968257	
0.67690098285675	0.000182060903171077	
0.677821159362793	0.000183165044290945	
0.678434550762177	0.000185250653885305	
0.680274784564972	0.000187765646842308	
0.680888175964355	0.000183410418685526	
0.682728409767151	0.000183471755008213	
0.683648526668549	0.000183165044290945	
0.685182094573975	0.000193593063158914	
0.686102211475372	0.000186722842045128	
0.687329053878784	0.000188133693882264	
0.688249170780182	0.000184085161890835	
0.689475953578949	0.000189912592759356	
0.691009521484375	0.000186784178367816	
0.692236304283142	0.00018837905372493	
0.693463146686554	0.000191323444596492	
0.694689989089966	0.000192672945559025	
0.695916831493378	0.000197764267795719	
0.697143614292145	0.000199297806830145	
0.697757065296173	0.000195985368918628	
0.69898384809494	0.000190157952602021	
0.700517416000366	0.000195555985555984	
0.701744198799133	0.000193040992598981	
0.703277766704559	0.000201812799787149	
0.703891158103943	0.000198561712750234	
0.705424726009369	0.000206536074983887	
0.706344842910767	0.0001980096421903	
0.707571625709534	0.000202180846827105	
0.710025310516357	0.000208621670026332	
0.711865544319153	0.000203162300749682	
0.712478935718536	0.00020880569354631	
0.714012503623962	0.000208437646506354	
0.714319169521332	0.000204082418349572	
0.716159403324127	0.000208621670026332	
0.717692971229553	0.000209419114980847	
0.718613088130951	0.000211566060897894	
0.719533205032349	0.000211566060897894	
0.720453321933746	0.000214265077374876	
0.722293555736542	0.000212363491300493	
0.722906947135925	0.000218620305531658	
0.724440515041351	0.000222607486648485	
0.725667297840118	0.000220951274968684	
0.72689414024353	0.00021831359481439	
0.728427648544312	0.000218558954657055	
0.729654490947723	0.000215491891140118	
0.730267941951752	0.000222423463128507	
0.731801450252533	0.000222668822971173	
0.733028292655945	0.000225551862968132	
0.733948409557343	0.000222239439608529	
0.73517519235611	0.000233832935919054	
0.735788643360138	0.000228557590162382	
0.737628877162933	0.000239537679590285	
0.738548994064331	0.00023315817816183	
0.740082502365112	0.000242727415752597	
0.74100261926651	0.000238617561990395	
0.742229461669922	0.000241684625507332	
0.74314957857132	0.000237452069995925	
0.744683086872101	0.000238249514950439	
0.745603203773499	0.000247266667429358	
0.747443497180939	0.000248493510298431	
0.748363614082336	0.000245855830144137	
0.74897700548172	0.00025057909078896	
0.750817239284515	0.00025358481798321	
0.752044081687927	0.00024824813590385	
0.753270864486694	0.00025057909078896	
0.753884315490723	0.000255915801972151	
0.755417823791504	0.000265362352365628	
0.75695139169693	0.000263706140685827	
0.757871508598328	0.000265116977971047	
0.758484899997711	0.000267386611085385	
0.760631859302521	0.000277446582913399	
0.761245250701904	0.000278489373158664	
0.7630854845047	0.000279838888673112	
0.763698935508728	0.000277262559393421	
0.765232443809509	0.000283151312032714	
0.765845835208893	0.000283948756987229	
0.767686069011688	0.000287567876512185	
0.7689129114151	0.000289592164335772	
0.770446419715881	0.000294499448500574	
0.77105987071991	0.000298179918900132	
0.771979987621307	0.000291800446575508	
0.773513495922089	0.000298609316814691	
0.7747403383255	0.000304804794723168	
0.775967180728912	0.000319526676321402	
0.777193963527679	0.000308117218082771	
0.778420805931091	0.000312472431687638	
0.779647648334503	0.000320017425110564	
0.780567765235901	0.000316336954711005	
0.782101273536682	0.000324188615195453	
0.78302139043808	0.000328543857904151	
0.783941507339478	0.000330568116623908	
0.785781741142273	0.000336579571012408	
0.786701858043671	0.000332899071509019	
0.787928700447083	0.000340873462846503	
0.78884881734848	0.000340137368766591	
0.790689051151276	0.000347682333085686	
0.791915893554688	0.000353755109244958	
0.792836010456085	0.000354000483639538	
0.794062852859497	0.000360379985067993	
0.795289635658264	0.000357128883479163	
0.796209752559662	0.000364367151632905	
0.797743320465088	0.000366146065061912	
0.798663437366486	0.000372954935301095	
0.799583554267883	0.00038049989962019	
0.801423788070679	0.000389946479117498	
0.802650630474091	0.000397614116081968	
0.803570747375488	0.000399577053030953	
0.804490864276886	0.000406140548875555	
0.805717647075653	0.000410802487749606	
0.806944489479065	0.00041202933061868	
0.808171331882477	0.000418163457652554	
0.809704840183258	0.000415464426623657	
0.81093168258667	0.000430615735240281	
0.812158524990082	0.000428959523560479	
0.813385307788849	0.000434050831245258	
0.814305424690247	0.000434970948845148	
0.815532267093658	0.00044312933459878	
0.816452383995056	0.000448588718427345	
0.817985951900482	0.000457912596175447	
0.81890606880188	0.000461899762740359	
0.819826185703278	0.000467604520963505	
0.821359694004059	0.000473125226562843	
0.822586536407471	0.000482878473121673	
0.823813319206238	0.000494471983984113	
0.82504016160965	0.000500790134537965	
0.826880395412445	0.000511831545736641	
0.827493846416473	0.000517720298375934	
0.829027354717255	0.000530233955942094	
0.830254197120667	0.000540723325684667	
0.83086758852005	0.000547409523278475	
0.832401096820831	0.000537042797077447	
0.833321273326874	0.000553666322957724	
0.834854781627655	0.00055937102297321	
0.836388289928436	0.000578509527258575	
0.837001740932465	0.000589182891417295	
0.838228523731232	0.000592618016526103	
0.839762091636658	0.000599365564994514	
0.840682208538055	0.00061181781347841	
0.842215716838837	0.000618872058112174	
0.843442559242249	0.000636354321613908	
0.84466940164566	0.000647211738396436	
0.84497606754303	0.000657578406389803	
0.846509635448456	0.000665552797727287	
0.848043143749237	0.000683832506183535	
0.848656535148621	0.000703400350175798	
0.85080349445343	0.000703952391631901	
0.851416945457459	0.000727446109522134	
0.852643728256226	0.000729593040887266	
0.853870570659637	0.00074775010580197	
0.855404078960419	0.000757135276217014	
0.856324195861816	0.000774310843553394	
0.857551038265228	0.000786395103204995	
0.858471155166626	0.000809275370556861	
0.859697997570038	0.000814734725281596	
0.861231505870819	0.000830806151498109	
0.861844956874847	0.00084589613834396	
0.863378465175629	0.000870800693519413	
0.864605307579041	0.000876260048244148	
0.866138815879822	0.00089901767205447	
0.867365658283234	0.000920057704206556	
0.868592500686646	0.00093477958580479	
0.869512617588043	0.000950605666730553	
0.870432734489441	0.000972075096797198	
0.871352851390839	0.000991581589914858	
0.873193085193634	0.00101360317785293	
0.874113202095032	0.00103231216780841	
0.875339984893799	0.00104942638427019	
0.876566827297211	0.00107801146805286	
0.878100395202637	0.00110064644832164	
0.879020512104034	0.00112506025470793	
0.879940629005432	0.00113910739310086	
0.881474137306213	0.0011730290716514	
0.882394254207611	0.00118689227383584	
0.883621096611023	0.00121694942936301	
0.885154604911804	0.00123823480680585	
0.885768055915833	0.00126933492720127	
0.887608289718628	0.00129773584194481	
0.888528406620026	0.00132552348077297	
0.889448523521423	0.00134693155996501	
0.89067530632019	0.00137367635034025	
0.892515540122986	0.00140710733830929	
0.893742382526398	0.00143906613811851	
0.894355833530426	0.00146869395393878	
0.895275950431824	0.00149893527850509	
0.896809458732605	0.00153850042261183	
0.898036301136017	0.00156757608056068	
0.899569809436798	0.00160180451348424	
0.90079665184021	0.00163554225582629	
0.901716768741608	0.00167664093896747	
0.90294361114502	0.00170583929866552	
0.903863728046417	0.00174890086054802	
0.905090510845184	0.00177319208160043	
0.906010627746582	0.00181913666892797	
0.907850861549377	0.00185741379391402	
0.909077703952789	0.00190771371126175	
0.909997820854187	0.00193899776786566	
0.911531388759613	0.00197948305867612	
0.912451505661011	0.00202426197938621	
0.913985013961792	0.00206842785701156	
0.915211856365204	0.00211197999306023	
0.916438639163971	0.00215982622466981	
0.917358756065369	0.00220644567161798	
0.918278872966766	0.00225674547255039	
0.920119166374207	0.00230827205814421	
0.921345949172974	0.00234753056429327	
0.922266066074371	0.00240335101261735	
0.923186182975769	0.0024536510463804	
0.924413025379181	0.0025106982793659	
0.925639867782593	0.00256222509779036	
0.92686665058136	0.002616205252707	
0.927480101585388	0.00266773207113147	
0.929320335388184	0.00273336702957749	
0.930547177791595	0.00277385232038796	
0.931773960590363	0.00285298260860145	
0.932387411594391	0.00290328240953386	
0.933307528495789	0.00297505175694823	
0.93484103679657	0.00303271249867976	
0.936374604701996	0.00309712090529501	
0.937294721603394	0.00316704995930195	
0.938214838504791	0.00322655099444091	
0.939748346805573	0.00329770683310926	
0.940975189208984	0.00336334202438593	
0.942508697509766	0.00343756494112313	
0.943428814411163	0.00350749399513006	
0.944655656814575	0.00357374246232212	
0.945575773715973	0.00365225924178958	
0.947416007518768	0.00373138953000307	
0.948336124420166	0.00379825150594115	
0.949562966823578	0.00388167565688491	
0.950789749622345	0.00395160494372249	
0.952016592025757	0.0040430030785501	
0.95262998342514	0.00412152009084821	
0.954163551330566	0.00420003663748503	
0.955390393733978	0.00428100721910596	
0.956617176532745	0.00436872523277998	
0.957844018936157	0.00445828353986144	
0.959070861339569	0.00453986739739776	
0.959990978240967	0.00463065272197127	
0.961831212043762	0.00471898401156068	
0.96275132894516	0.00482081063091755	
0.963671445846558	0.00490546133369207	
0.964898288249969	0.00499317934736609	
0.966125071048737	0.00508825853466988	
0.967045187950134	0.0051949922926724	
0.96857875585556	0.00528700416907668	
0.969192147254944	0.00537656247615814	
0.971032381057739	0.00547961564734578	
0.972259223461151	0.00559002999216318	
0.973179340362549	0.00569001631811261	
0.97471284866333	0.00579490978270769	
0.975939691066742	0.00589060224592686	
0.97685980796814	0.00600224314257503	
0.978086650371552	0.0061040697619319	
0.979006767272949	0.00621019024401903	
0.979926884174347	0.0063156969845295	
0.981767117977142	0.00642733834683895	
0.982993960380554	0.00653836596757174	
0.983914077281952	0.00664571300148964	
0.985447585582733	0.0067604212090373	
0.986367702484131	0.0068677687086165	
0.987594544887543	0.00698861107230186	
0.988207936286926	0.00709902541711926	
0.989741504192352	0.00721864076331258	
0.991581737995148	0.00732414750382304	
0.992195129394531	0.00744498986750841	
0.993421971797943	0.00756583223119378	
0.99464875459671	0.0076756333000958	
0.995875597000122	0.00779156805947423	
0.997102439403534	0.00791302416473627	
0.998329281806946	0.00803632009774446	
0.999556064605713	0.00815164111554623	
1.00078284740448	0.00827493704855442	
1.00200974941254	0.00838657841086388	
1.0032365322113	0.00851662177592516	
1.00384998321533	0.00864359829574823	
1.00538349151611	0.00875769276171923	
1.00691699981689	0.00887362845242023	
1.00783717632294	0.00900857895612717	
1.0090639591217	0.0091245137155056	
1.00967741012573	0.00924228876829147	
1.01121091842651	0.0093551566824317	
1.01274442672729	0.00949317496269941	
1.01335787773132	0.00961033627390862	
1.01458466053009	0.00973301939666271	
1.01581156253815	0.00984343327581882	
1.01734507083893	0.00996550265699625	
1.01826512813568	0.0100900251418352	
1.01949203014374	0.0102139348164201	
1.02102553844452	0.0103200552985072	
1.02194559574127	0.0104402843862772	
1.02286577224731	0.0105568328872323	
1.0243992805481	0.0106862625107169	
1.02501273155212	0.0107942232862115	
1.02685296535492	0.010912612080574	
1.02777302265167	0.0110242525115609	
1.02899992465973	0.0111444815993309	
1.0302267074585	0.0112456949427724	
1.03114688396454	0.0113604031503201	
1.03268039226532	0.0114720445126295	
1.03360044956207	0.0115910461172462	
1.03513395786285	0.0116922594606876	
1.03666758537292	0.0117965396493673	
1.03728091716766	0.0119038866832852	
1.03850781917572	0.0120038725435734	
1.03973460197449	0.0121136736124754	
1.04096138477325	0.0122056854888797	
1.04249501228333	0.0123056722804904	
1.04310834407806	0.0124117927625775	
1.04433524608612	0.0125087117776275	
1.04556202888489	0.012593362480402	
1.04740226268768	0.0126847606152296	
1.04832243919373	0.0127816805616021	
1.04924249649048	0.0128755327314138	
1.05046927928925	0.0129552762955427	
1.0516961812973	0.0130325658246875	
1.05292296409607	0.0131227374076843	
1.0535364151001	0.0132073890417814	
1.05506992340088	0.0132797714322805	
1.05629670619965	0.0133589012548327	
1.0575236082077	0.0134269902482629	
1.05905711650848	0.013505507260561	
1.05967056751251	0.0135686891153455	
1.06120407581329	0.0136349368840456	
1.06243085861206	0.0136895310133696	
1.06365776062012	0.013752712868154	
1.06488454341888	0.0138183478266001	
1.06549799442291	0.0138674210757017	
1.06733822822571	0.0139134265482426	
1.06825828552246	0.0139686334878206	
1.06979179382324	0.0140220010653138	
1.0710186958313	0.0140581922605634	
1.07193875312805	0.0140986768528819	
1.07316565513611	0.0141342552378774	
1.07408571243286	0.0141722867265344	
1.07561922073364	0.0142005039379001	
1.07653939723969	0.0142342410981655	
1.07807290554047	0.0142600052058697	
1.07899308204651	0.0142900617793202	
1.08052659034729	0.014307850971818	
1.08113992214203	0.0143121453002095	
1.0826735496521	0.0143256401643157	
1.08390033245087	0.0143372947350144	
1.08512711524963	0.0143471090123057	
1.08635401725769	0.0143495630472898	
1.08758080005646	0.0143477227538824	
1.0885009765625	0.0143507895991206	
1.0903412103653	0.0143434293568134	
1.0903412103653	0.0143323875963688	
1.09218144416809	0.0143213458359241	
1.09371495246887	0.0143066244199872	
1.09463500976563	0.0142906755208969	
1.09586191177368	0.0142624583095312	
1.09678196907043	0.0142373088747263	
1.09984910488129	0.0141894621774554	
1.10015571117401	0.0141483638435602	
1.10168933868408	0.0141195328906178	
1.10291612148285	0.0140772080048919	
1.10414290428162	0.0140367224812508	
1.10567653179169	0.0139950104057789	
1.10659658908844	0.0139373494312167	
1.10751676559448	0.0138987051323056	
1.10935699939728	0.013843497261405	
1.11027705669403	0.0137901306152344	
1.11119723320007	0.013725109398365	
1.11242401599884	0.0136674484238029	
1.11365079879761	0.0136110140010715	
1.11457097530365	0.0135558070614934	
1.11610448360443	0.0134785166010261	
1.1173312664032	0.0134141091257334	
1.11886489391327	0.0133404992520809	
1.11978495121002	0.0132785448804498	
1.12101173400879	0.0131957335397601	
1.12223863601685	0.0131208971142769	
1.12377214431763	0.0130509687587619	
1.12438559532166	0.0129773588851094	
1.12591910362244	0.0128810526803136	
1.1271458864212	0.0128043768927455	
1.12806606292725	0.0127277001738548	
1.12959957122803	0.0126467291265726	
1.13113307952881	0.0125596253201365	
1.13174653053284	0.0124669997021556	
1.13358676433563	0.0123823489993811	
1.13450682163239	0.0122983111068606	
1.13573372364044	0.012211206369102	
1.13726723194122	0.0121204210445285	
1.13788068294525	0.0120363840833306	
1.13941419124603	0.0119474390521646	
1.1406409740448	0.0118683092296124	
1.14186787605286	0.0117621887475252	
1.14278793334961	0.0116763105615973	
1.1446281671524	0.0115836849436164	
1.14585494995117	0.0115063954144716	
1.14677512645721	0.0114070223644376	
1.14800190925598	0.0113217579200864	
1.14892208576202	0.011233426630497	
1.15045559406281	0.0111475484445691	
1.15137577056885	0.0110592171549797	
1.15290927886963	0.0109647521749139	
1.1541360616684	0.0108837811276317	
1.15505623817444	0.0108040375635028	
1.15597629547119	0.0107181603088975	
1.15750980377197	0.0106261484324932	
1.15873670578003	0.0105476314201951	
1.1599634885788	0.0104629807174206	
1.16088366508484	0.010386916808784	
1.16211044788361	0.0103041063994169	
1.1639506816864	0.0102255893871188	
1.16456413269043	0.010141552425921	
1.16609764099121	0.0100716231390834	
1.16732442378998	0.00998574495315552	
1.16793787479401	0.00991642940789461	
1.16947138309479	0.0098379123955965	
1.17100489139557	0.00977350492030382	
1.17223179340363	0.0096925338730216	
1.17284512519836	0.00962383206933737	
1.17437875270844	0.00956126395612955	
1.17621898651123	0.0094907209277153	
1.17713904380798	0.0094207925722003	
1.17805922031403	0.00935270357877016	
1.17959272861481	0.00929013546556234	
1.18051278591156	0.00923002045601606	
1.18204641342163	0.0091717466711998	
1.18265974521637	0.00910304486751556	
1.1832731962204	0.00904231611639261	
1.18511343002319	0.00898281577974558	
1.18634021282196	0.00892883539199829	
1.187260389328	0.00886688008904457	
1.18879389762878	0.00881473999470472	
1.19002068042755	0.00876014679670334	
1.19124758243561	0.00871414039283991	
1.19247436523438	0.00865586660802364	
1.19370114803314	0.00861476827412844	
1.1949280500412	0.00855035986751318	
1.19584810733795	0.00850987434387207	
1.19738161563873	0.0084614148363471	
1.19860851764679	0.00841908901929855	
1.19768834114075	0.00812219735234976	
1.19646155834198	0.00789094064384699	
1.19523477554321	0.00767870014533401	
1.19431459903717	0.00747934123501182	
1.19278109073639	0.00730206491425633	
1.19186091423035	0.0071388971991837	
1.19063413143158	0.00697695603594184	
1.18971395492554	0.00683219078928232	
1.18848717212677	0.00669233268126845	
1.18664693832397	0.0065678097307682	
1.18603348731995	0.00644021993502975	
1.18511343002319	0.00631508370861411	
1.18357992172241	0.00619914894923568	
1.18204641342163	0.00609670905396342	
1.1814329624176	0.00598568096756935	
1.18020606040955	0.00589673640206456	
1.17897927761078	0.0057881623506546	
1.17775249481201	0.0056998310610652	
1.17652559280396	0.00560781918466091	
1.17499208450317	0.00552439503371716	
1.17437875270844	0.00543667702004313	
1.17315185070038	0.00535754673182964	
1.17131161689758	0.00528087001293898	
1.17008483409882	0.0052011264488101	
1.16947138309479	0.00512690329924226	
1.16793787479401	0.00504409288987517	
1.16701769828796	0.00498275132849813	
1.1657909154892	0.00491650309413671	
1.16456413269043	0.00485822884365916	
1.16333723068237	0.00478891283273697	
1.16241717338562	0.00472205085679889	
1.16119027137756	0.00465273531153798	
1.1599634885788	0.00460059521719813	
1.15873670578003	0.00453618681058288	
1.15750980377197	0.00448588700965047	
1.15628302097321	0.00442699948325753	
1.15474951267242	0.00438160682097077	
1.1541360616684	0.00431229127570987	
1.15290927886963	0.00427180621773005	
1.15168237686157	0.00420923810452223	
1.15014886856079	0.00416813930496573	
1.14922881126404	0.00410434463992715	
1.14769530296326	0.00406140554696321	
1.1464684009552	0.00401478633284569	
1.14524161815643	0.00396939367055893	
1.1446281671524	0.00391909386962652	
1.14309465885162	0.0038755415007472	
1.14186787605286	0.00383382942527533	
1.14033424854279	0.00378598319366574	
1.13972091674805	0.00374243105761707	
1.13818728923798	0.00369949219748378	
1.13726723194122	0.00366452755406499	
1.13665378093719	0.00361361424438655	
1.1348135471344	0.00358233018778265	
1.13358676433563	0.00353264389559627	
1.13266658782959	0.00349461217410862	
1.13082635402679	0.00345290033146739	
1.12990629673004	0.00341916247271001	
1.128986120224	0.00337192974984646	
1.12775933742523	0.00333389826118946	
1.12622582912445	0.00330200069583952	
1.12499892711639	0.00326396920718253	
1.12377214431763	0.00323023134842515	
1.12285208702087	0.00318974629044533	
1.1213184595108	0.00316030229441822	
1.12009167671204	0.00312717817723751	
1.11947822570801	0.00309160025790334	
1.11825144290924	0.00305111496709287	
1.11671793460846	0.00301921740174294	
1.1154910326004	0.00297811883501709	
1.11426424980164	0.00295174214988947	
1.11303746700287	0.002911256859079	
1.11211729049683	0.00288119958713651	
1.11058378219604	0.00284684845246375	
1.10997033119202	0.00282599241472781	
1.10813009738922	0.00277937320061028	
1.10782337188721	0.00275360979139805	
1.10598313808441	0.00272355251945555	
1.10506308078766	0.00269717583432794	
1.10352957248688	0.00266711856238544	
1.10230267047882	0.00264196866191924	
1.10076916217804	0.00260700401850045	
1.09984910488129	0.00257878703996539	
1.09862220287323	0.00255425064824522	
1.09770214557648	0.00251867272891104	
1.0961686372757	0.00249413610436022	
1.09524846076965	0.00246285204775631	
1.09402167797089	0.00243954244069755	
1.09340822696686	0.00240519130602479	
1.09187471866608	0.00237881462089717	
1.09003448486328	0.00235243793576956	
1.08942103385925	0.00233035511337221	
1.0885009765625	0.00229784403927624	
1.08666062355042	0.00227392115630209	
1.08574056625366	0.00224447716027498	
1.0845137834549	0.0022266882006079	
1.08328688144684	0.00219295057468116	
1.0826735496521	0.00216105300933123	
1.08113992214203	0.00213651661761105	
1.07960641384125	0.00212424830533564	
1.07807290554047	0.00208805711008608	
1.07745945453644	0.00207026791758835	
1.07623267173767	0.00203837058506906	
1.0750058889389	0.00201996811665595	
1.07377898693085	0.00199665850959718	
1.07224547863007	0.0019659879617393	
1.0710186958313	0.00194329163059592	
1.07009851932526	0.00191875512246042	
1.06887173652649	0.00190096616279334	
1.06825828552246	0.00187704304698855	
1.06672477722168	0.00185373332351446	
1.0651912689209	0.00182612973731011	
1.06396436691284	0.0018058872083202	
1.06304430961609	0.00178687134757638	
1.06181752681732	0.00176478852517903	
1.06089735031128	0.00174147880170494	
1.0593638420105	0.001720622763969	
1.05783033370972	0.00169056560844183	
1.05691015720367	0.0016764571191743	
1.05537664890289	0.00165008031763136	
1.05506992340088	0.00163474504370242	
1.05322968959808	0.00161020853556693	
1.05200290679932	0.00159425975289196	
1.05077600479126	0.00156236230395734	
1.04954922199249	0.00154580024536699	
1.04832243919373	0.00152801116928458	
1.04709553718567	0.00150408816989511	
1.04648220539093	0.00148261873982847	
1.04525530338287	0.00146912364289165	
1.04372179508209	0.00144458713475615	
1.04280161857605	0.00142066401895136	
1.04126811027527	0.00140962260775268	
1.04034805297852	0.00138447270728648	
1.03881454467773	0.00136330968234688	
1.03850781917572	0.00135582603979856	
1.03636085987091	0.00132638227660209	
1.03513395786285	0.00130718247964978	
1.03390717506409	0.0012963863555342	
1.03298711776733	0.00127344473730773	
1.03176021575928	0.00125436764210463	
1.03053343296051	0.00122891098726541	
1.02930665016174	0.00122038449626416	
1.0283864736557	0.00119547999929637	
1.02685296535492	0.00118253694381565	
1.02562606334686	0.00115425861440599	
1.02470600605011	0.00114830851089209	
1.02378582954407	0.00113168510142714	
1.02194559574127	0.00111457088496536	
1.02102553844452	0.00109009572770447	
1.01979875564575	0.00108046515379101	
1.0185718536377	0.00105758477002382	
1.01765179634094	0.00104120676405728	
1.01611816883087	0.00102206820156425	
1.01519811153412	0.00101219234056771	
1.01366460323334	0.000996182207018137	
1.01305115222931	0.000977963907644153	
1.01182436943054	0.000958518648985773	
1.01059746742249	0.000939318852033466	
1.0090639591217	0.000931221817154437	
1.00783717632294	0.000911592622287571	
1.00599694252014	0.000895030447281897	
1.00569021701813	0.000878100283443928	
1.00446343421936	0.000866138725541532	
1.00354325771332	0.000856017402838916	
1.00170302391052	0.000833443831652403	
1.00108957290649	0.000808600627351552	
0.999556064605713	0.000809030025266111	
0.998022556304932	0.000788726028986275	
0.997102439403534	0.000772531959228218	
0.995875597000122	0.000755969784222543	
0.99464875459671	0.000749651633668691	
0.993421971797943	0.000741247902624309	
0.992195129394531	0.000717999588232487	
0.991275012493134	0.000706835475284606	
0.989741504192352	0.000688678468577564	
0.988821387290955	0.000673649832606316	
0.987287819385529	0.000659541343338788	
0.986674427986145	0.000650892208795995	
0.98483419418335	0.000628809386398643	
0.983607351779938	0.000625067565124482	
0.982993960380554	0.000611695169936866	
0.981153726577759	0.000607707945164293	
0.98054027557373	0.000589673640206456	
0.979006767272949	0.000588569499086589	
0.977779924869537	0.0005647077341564	
0.97685980796814	0.000551703386008739	
0.975632965564728	0.000530540652107447	
0.974406182765961	0.00051367178093642	
0.973179340362549	0.000504409254062921	
0.971952497959137	0.000487785786390305	
0.970418989658356	0.000473554624477401	
0.969498872756958	0.000458525988506153	
0.96857875585556	0.000452514563221484	
0.967658638954163	0.000428959523560479	
0.966125071048737	0.000426444516051561	
0.964591562747955	0.000413808214943856	
0.963671445846558	0.000411231885664165	
0.962137937545776	0.000387002073694021	
0.961217761039734	0.000391357316402718	
0.959684252738953	0.000372893584426492	
0.958457410335541	0.000372893584426492	
0.957844018936157	0.000347805005731061	
0.956617176532745	0.000348541099810973	
0.95477694272995	0.00032829848350957	
0.953550159931183	0.00032179630943574	
0.95262998342514	0.000304252724163234	
0.951403200626373	0.00029069630545564	
0.950789749622345	0.000275054277153686	
0.949562966823578	0.000271312455879524	
0.947722733020782	0.000255425053182989	
0.947109282016754	0.000235795858316123	
0.945269048213959	0.000229416371439584	
0.944348931312561	0.000216964093851857	
0.943735539913177	0.000206597411306575	
0.941895306110382	0.000193531726836227	
0.940975189208984	0.000195310625713319	
0.939748346805573	0.000180588715011254	
0.938828229904175	0.000174945322214626	
0.937294721603394	0.000162124997586943	
0.936067879199982	0.000155254776473157	
0.934534311294556	0.000136422997456975	
0.933307528495789	0.000127540770336054	
0.932387411594391	0.00011202142923139	
0.930853843688965	0.000102476726169698	
0.929627060890198	9.01287276064977E-05	
0.9287069439888	8.1320118624717E-05	
0.927173376083374	6.63712562527508E-05	
0.926253259181976	5.73540892219171E-05	
0.925333142280579	4.40123621956445E-05	
0.924413025379181	3.49890615325421E-05	
0.922572791576386	2.55547747656237E-05	
0.921652674674988	1.20106224130723E-05	
0.920425832271576	-1.01961450127419E-05	
0.919199049472809	-1.89845086424612E-05	
0.917972207069397	-1.92734241863946E-05	
0.917052090167999	-3.0455938031082E-05	
0.915518522262573	-4.2527899495326E-05	
0.914291739463806	-5.04531890328508E-05	
0.913371622562408	-6.11388386460021E-05	
0.912144780158997	-7.55356377339922E-05	
0.910304546356201	-8.37983025121503E-05	
0.909997820854187	-9.69007960520685E-05	
0.90693074464798	-0.000116388917376753	
0.906317353248596	-0.000131325519760139	
0.905090510845184	-0.000142514167237096	
0.903250277042389	-0.000155162735609338	
0.902330160140991	-0.000164965065778233	
0.901103317737579	-0.000177515496034175	
0.900489926338196	-0.000187618396012112	
0.898956418037415	-0.000198070934857242	
0.897729575634003	-0.000215798558201641	
0.896502733230591	-0.000225613155635074	
0.89496922492981	-0.000234630322665907	
0.894049108028412	-0.000245119677856565	
0.893128991127014	-0.000255302322329953	
0.891902148723602	-0.000270330958301201	
0.890368640422821	-0.000283028581179678	
0.889448523521423	-0.000293885997962207	
0.887608289718628	-0.000298179889796302	
0.8869948387146	-0.000315232755383477	
0.885768055915833	-0.000330138689605519	
0.884541213512421	-0.000346946180798113	
0.883314371109009	-0.0003505653294269	
0.882087528705597	-0.000366514053894207	
0.88086074590683	-0.000381113262847066	
0.879940629005432	-0.000400313088903204	
0.878407061100006	-0.000409636966651306	
0.877180278301239	-0.00042527899495326	
0.876566827297211	-0.000433744076872244	
0.874419867992401	-0.000453311949968338	
0.873499751091003	-0.00045846460852772	
0.872579634189606	-0.00047122361138463	
0.871352851390839	-0.000493367784656584	
0.870126008987427	-0.00050508399726823	
0.868899166584015	-0.000522688904311508	
0.867672383785248	-0.000539251079317182	
0.866445541381836	-0.00055335956858471	
0.865525424480438	-0.000568020099308342	
0.864298582077026	-0.000585502362810075	
0.862765073776245	-0.000588753493502736	
0.861538231372833	-0.000612921954598278	
0.860618114471436	-0.000624331412836909	
0.859084606170654	-0.000641200225800276	
0.858471155166626	-0.000655002018902451	
0.857244312763214	-0.000675306015182287	
0.855710804462433	-0.000693831068929285	
0.854483962059021	-0.000718060880899429	
0.853257179260254	-0.000725789868738502	
0.852030336856842	-0.000746032455936074	
0.851110219955444	-0.000761613133363426	
0.849576652050018	-0.000786885735578835	
0.848656535148621	-0.000804429349955171	
0.847429752349854	-0.000819641980342567	
0.846509635448456	-0.000842951703816652	
0.845282793045044	-0.000861047359649092	
0.844055950641632	-0.000877732178196311	
0.842522442340851	-0.00089092057896778	
0.841602325439453	-0.000917419965844601	
0.840375483036041	-0.000940361642278731	
0.83884197473526	-0.000965266197454184	
0.838228523731232	-0.000974099326413125	
0.83669501543045	-0.00100194825790823	
0.835468173027039	-0.00102004397194833	
0.833627939224243	-0.001049610436894	
0.83301454782486	-0.00106525246519595	
0.831480979919434	-0.00109635246917605	
0.830560863018036	-0.00111438683234155	
0.829027354717255	-0.00114021147601306	
0.828107237815857	-0.00116603611968458	
0.827187120914459	-0.00119069532956928	
0.825960278511047	-0.0012162133352831	
0.82504016160965	-0.00124522775877267	
0.823506653308868	-0.00126792397350073	
0.822279810905457	-0.00129577296320349	
0.821052968502045	-0.00132441928144544	
0.820132851600647	-0.00135300436522812	
0.818599343299866	-0.00137563922908157	
0.817372500896454	-0.00140900886617601	
0.816145718097687	-0.00143734854646027	
0.814918875694275	-0.00146071962080896	
0.813692033290863	-0.00148967269342393	
0.812465190887451	-0.00151887116953731	
0.811545073986053	-0.00155297690071166	
0.810011565685272	-0.00158248201478273	
0.809091448783875	-0.00161928671877831	
0.807864606380463	-0.00164455932099372	
0.806944489479065	-0.00168210023548454	
0.805410981178284	-0.00171258684713393	
0.804490864276886	-0.00175595516338944	
0.80295729637146	-0.00178227049764246	
0.802037179470062	-0.0018217742908746	
0.800196945667267	-0.00185802672058344	
0.799583554267883	-0.00189667171798646	
0.798663437366486	-0.00193408993072808	
0.79682320356369	-0.00196844106540084	
0.796209752559662	-0.00201015314087272	
0.794982969760895	-0.00204143719747663	
0.793449401855469	-0.00208682962693274	
0.792222619056702	-0.00211443332955241	
0.791302502155304	-0.00216411962173879	
0.789768934249878	-0.00220460491254926	
0.789155542850494	-0.00225613149814308	
0.787621974945068	-0.0022806681226939	
0.786088466644287	-0.00231992662884295	
0.784861624240875	-0.00236777262762189	
0.784554958343506	-0.0024162323679775	
0.781794607639313	-0.00245794444344938	
0.781487882137299	-0.00251069781370461	
0.779647648334503	-0.0025475025177002	
0.779647648334503	-0.00259718904271722	
0.778114080429077	-0.00264564855024219	
0.777193963527679	-0.00268981442786753	
0.775660455226898	-0.00273766065947711	
0.774433612823486	-0.00278612016700208	
0.773513495922089	-0.00283948704600334	
0.771979987621307	-0.00288242590613663	
0.770753145217896	-0.00293640629388392	
0.769219636917114	-0.00298363901674747	
0.768299520015717	-0.0030333255417645	
0.767686069011688	-0.00307871797122061	
0.765845835208893	-0.00313147157430649	
0.764925718307495	-0.00318054459057748	
0.763698935508728	-0.00324004562571645	
0.762778759002686	-0.00328053068369627	
0.761245250701904	-0.00333880493417382	
0.760018408298492	-0.0033915585372597	
0.758791625499725	-0.00344492541626096	
0.757564783096313	-0.00349645200185478	
0.756644666194916	-0.00355227268300951	
0.755417823791504	-0.00360379926860332	
0.753884315490723	-0.00366391381248832	
0.752657473087311	-0.00371728069148958	
0.751430630683899	-0.00376512669026852	
0.750510513782501	-0.00383382895961404	
0.749590396881104	-0.00388044840656221	
0.747750163078308	-0.00394117645919323	
0.74683004617691	-0.00398534210398793	
0.745603203773499	-0.00404484290629625	
0.744069695472717	-0.00410127686336637	
0.743456304073334	-0.00415771082043648	
0.742229461669922	-0.00420187646523118	
0.74100261926651	-0.00426751188933849	
0.739469110965729	-0.00431351782754064	
0.738548994064331	-0.00437792623415589	
0.737628877162933	-0.00442331843078136	
0.736402034759521	-0.00447791256010532	
0.73517519235611	-0.00453680008649826	
0.733948409557343	-0.00460304832085967	
0.732108175754547	-0.0046459874138236	
0.731188058853149	-0.00469567393884063	
0.730267941951752	-0.0047502676025033	
0.72904109954834	-0.00480854185298085	
0.728120982646942	-0.00486313551664352	
0.72689414024353	-0.00491527561098337	
0.725667297840118	-0.00497293658554554	
0.723827064037323	-0.00503243738785386	
0.723213672637939	-0.00507783005014062	
0.721680164337158	-0.00512383598834276	
0.720453321933746	-0.00518211023882031	
0.719839870929718	-0.00522934272885323	
0.718306362628937	-0.0052802562713623	
0.717079520225525	-0.00532074132934213	
0.715852737426758	-0.00537717528641224	
0.71493262052536	-0.00541704706847668	
0.713705778121948	-0.0054636662825942	
0.712478935718536	-0.00550905894488096	
0.711252093315125	-0.0055581321939826	
0.710025310516357	-0.00559800397604704	
0.70910519361496	-0.00564891705289483	
0.707878351211548	-0.0056875622831285	
0.706651508808136	-0.0057317279279232	
0.705118000507355	-0.00577650684863329	
0.704197883605957	-0.00582189951092005	
0.703277766704559	-0.00586299831047654	
0.701437532901764	-0.0059053236618638	
0.700210690498352	-0.00595194287598133	
0.69898384809494	-0.00599242839962244	
0.698063731193542	-0.00602309871464968	
0.697450339794159	-0.00605131592601538	
0.695303380489349	-0.00610406929627061	
0.694076538085938	-0.00613167276605964	
0.693463146686554	-0.00616725068539381	
0.691622912883759	-0.00618749344721437	
0.691316187381744	-0.0062304325401783	
0.689475953578949	-0.00625987630337477	
0.688249170780182	-0.006290546618402	
0.687329053878784	-0.0063095623627305	
0.686102211475372	-0.00634084641933441	
0.68487536907196	-0.00636538304388523	
0.683035135269165	-0.00638685235753655	
0.681808292865753	-0.00641138898208737	
0.681501626968384	-0.00643531233072281	
0.679661393165588	-0.00645984848961234	
0.678741276264191	-0.0064800912514329	
0.678127825260162	-0.0065144426189363	
0.676594316959381	-0.0065242568962276	
0.675367474555969	-0.00654633995145559	
0.673833966255188	-0.00656719598919153	
0.67322051525116	-0.00657885055989027	
0.671687006950378	-0.00658743875101209	
0.670460164546967	-0.00659725302830338	
0.669233381748199	-0.00661320192739367	
0.667699813842773	-0.00662853708490729	
0.667393088340759	-0.00663528451696038	
0.665552854537964	-0.00663835182785988	
0.664632737636566	-0.00665307370945811	
0.663405954837799	-0.00666166143491864	
0.661872386932373	-0.00665798084810376	
0.660952270030975	-0.00666718231514096	
0.659725427627563	-0.00667515676468611	
0.658498644828796	-0.00667761033400893	
0.657271802425385	-0.00667638331651688	
0.655738294124603	-0.00667638331651688	
0.655124843120575	-0.00667454302310944	
0.653591334819794	-0.00667392974719405	
0.652671217918396	-0.00666718231514096	
0.651444375514984	-0.00666718231514096	
0.650217533111572	-0.0066598211415112	
0.648684024810791	-0.00665552727878094	
0.647457182407379	-0.00665307370945811	
0.646537065505981	-0.00663712481036782	
0.645310282707214	-0.00663221767172217	
0.644083440303802	-0.00661994935944676	
0.642856597900391	-0.00660829478874803	
0.641629755496979	-0.00658989232033491	
0.640402972698212	-0.00658191787078977	
0.639482855796814	-0.00656474241986871	
0.637949287891388	-0.00656106183305383	
0.637335896492004	-0.00653713848441839	
0.635802388191223	-0.0065242568962276	
0.634882271289825	-0.00650462787598372	
0.633041977882385	-0.0064892927184701	
0.631815195083618	-0.00647150352597237	
0.63120174407959	-0.00645248778164387	
0.629361510276794	-0.00642795115709305	
0.628441393375397	-0.00640709511935711	
0.627521276473999	-0.00638317223638296	
0.626294493675232	-0.00635924888774753	
0.624760925769806	-0.00634575402364135	
0.624147534370422	-0.00631999038159847	
0.622307300567627	-0.00629300065338612	
0.621080458164215	-0.00626785075291991	
0.620467066764832	-0.00624454068019986	
0.618933498859406	-0.0062083494849503	
0.618320107460022	-0.00619362760335207	
0.616786539554596	-0.00615682266652584	
0.615559756755829	-0.00613842066377401	
0.613719522953033	-0.00610468257218599	
0.612799406051636	-0.00608014641329646	
0.611572563648224	-0.0060476353392005	
0.610345721244812	-0.00602616602554917	
0.609425604343414	-0.00599426869302988	
0.608198761940002	-0.00596114434301853	
0.606971979141235	-0.0059274067170918	
0.60513174533844	-0.00589857622981071	
0.604825019836426	-0.00587281258776784	
0.603598177433014	-0.00584643613547087	
0.602064669132233	-0.00581515207886696	
0.600837826728821	-0.00577405327931046	
0.599610984325409	-0.00574583653360605	
0.598077476024628	-0.00571455247700214	
0.597464084625244	-0.0056783608160913	
0.596237242221832	-0.00564094260334969	
0.594703733921051	-0.00561886001378298	
0.593783617019653	-0.00558021478354931	
0.592250049114227	-0.00554095627740026	
0.591023206710815	-0.00550599209964275	
0.589796423912048	-0.00547593459486961	
0.588876307010651	-0.00544035667553544	
0.587342739105225	-0.00540661904960871	
0.586729347705841	-0.00536858756095171	
0.585502505302429	-0.00533914379775524	
0.584275722503662	-0.00530724646523595	
0.582435488700867	-0.00526860123500228	
0.581515312194824	-0.00522627588361502	
0.580288529396057	-0.0052017392590642	
0.579061686992645	-0.00517106847837567	
0.577834844589233	-0.00512874312698841	
0.576914727687836	-0.00509316520765424	
0.575381219387054	-0.00506004085764289	
0.573847711086273	-0.00502200936898589	
0.573234260082245	-0.00498765846714377	
0.571394026279449	-0.00495576066896319	
0.570780634880066	-0.00491588888689876	
0.569553792476654	-0.00488767214119434	
0.568633675575256	-0.00484227947890759	
0.566793441772461	-0.00481467600911856	
0.566180050373077	-0.00477480422705412	
0.564953207969666	-0.00474965432658792	
0.563726365566254	-0.00471100909635425	
0.562192857265472	-0.00467543117702007	
0.560966014862061	-0.0046398532576859	
0.560045897960663	-0.00461347633972764	
0.558819055557251	-0.0045828060247004	
0.557592272758484	-0.00453986693173647	
0.556672155857086	-0.00451533030718565	
0.555445313453674	-0.00448097940534353	
0.553911745548248	-0.00445153564214706	
0.552071511745453	-0.00441289041191339	
0.551458120346069	-0.00437976652756333	
0.550231277942657	-0.00435400288552046	
0.548697769641876	-0.00432701269164681	
0.547777652740479	-0.00428407406434417	
0.546550810337067	-0.0042546303011477	
0.545630693435669	-0.00422150595113635	
0.544403851032257	-0.00419819634407759	
0.542870342731476	-0.00415709754452109	
0.541950225830078	-0.00413562823086977	
0.540723383426666	-0.0041000503115356	
0.539496600627899	-0.00407428666949272	
0.537963032722473	-0.00404238933697343	
0.536736190319061	-0.00401417212560773	
0.535816073417664	-0.00397920794785023	
0.534895956516266	-0.00395589834079146	
0.533669173717499	-0.00392768112942576	
0.532135605812073	-0.00390375801362097	
0.530908823013306	-0.00386572652496398	
0.529681980609894	-0.00383382895961404	
0.528761863708496	-0.00381481321528554	
0.527535021305084	-0.00378904980607331	
0.526308178901672	-0.00376021955162287	
0.525081396102905	-0.00372280133888125	
0.523854553699493	-0.00370685267262161	
0.522934436798096	-0.00366391381248832	
0.52140086889267	-0.00364612461999059	
0.519867360591888	-0.00361238699406385	
0.518947243690491	-0.00359827862121165	
0.517720401287079	-0.00357067491859198	
0.516800284385681	-0.00354307144880295	
0.515880167484283	-0.00351362768560648	
0.514039933681488	-0.00349767878651619	
0.51311981678009	-0.00347130210138857	
0.511892974376678	-0.00344369863159955	
0.510666191577911	-0.00341916200704873	
0.510052740573883	-0.00340075977146626	
0.508519232273102	-0.00337806344032288	
0.506985723972321	-0.00334800616838038	
0.505758881568909	-0.00332592334598303	
0.504532039165497	-0.00330813438631594	
0.503611922264099	-0.00327746360562742	
0.502385079860687	-0.00324801984243095	
0.50115829706192	-0.00323268468491733	
0.499931454658508	-0.00320508098229766	
0.498704642057419	-0.00318851880729198	
0.497171103954315	-0.00315723475068808	
0.496557682752609	-0.00313637871295214	
0.49533087015152	-0.00310448138043284	
0.493797332048416	-0.00309957400895655	
0.492570489645004	-0.00306890346109867	
0.491036981344223	-0.00304804742336273	
0.490423560142517	-0.0030333255417645	
0.488890022039413	-0.00300940242595971	
0.488276600837708	-0.00298670609481633	
0.486436367034912	-0.00296339648775756	
0.485516250133514	-0.0029480610974133	
0.484596133232117	-0.0029290453530848	
0.483369320631027	-0.00291432347148657	
0.481835782527924	-0.00289101363159716	
0.480608940124512	-0.00287199788726866	
0.47907543182373	-0.00285420892760158	
0.478462010622025	-0.00284071383066475	
0.476928472518921	-0.00282108457759023	
0.475701659917831	-0.00280329561792314	
0.47447481751442	-0.00279041402973235	
0.47324800491333	-0.00277017150074244	
0.472634583711624	-0.0027493154630065	
0.470487654209137	-0.00273766065947711	
0.469874233007431	-0.00271619111299515	
0.468954116106033	-0.00270821666345	
0.46742057800293	-0.00267447903752327	
0.46619376540184	-0.00266098394058645	
0.464966922998428	-0.00265239621512592	
0.463740110397339	-0.00263767433352768	
0.462513267993927	-0.00262172566726804	
0.460979759693146	-0.00260393647477031	
0.46036633849144	-0.00259105488657951	
0.45821937918663	-0.00257326592691243	
0.457299262285233	-0.00256529147736728	
0.456685870885849	-0.00253830151632428	
0.455152332782745	-0.0025284867733717	
0.453925490379334	-0.00251683196984231	
0.453005373477936	-0.00250149657949805	
0.451778560876846	-0.00248370761983097	
0.450551718473434	-0.002473279600963	
0.449631601572037	-0.00245181028731167	
0.448404788970947	-0.00244628963992	
0.446871250867844	-0.00242911395616829	
0.44533771276474	-0.00241929944604635	
0.444417595863342	-0.00240457756444812	
0.443190783262253	-0.00239537633024156	
0.441657245159149	-0.00237636058591306	
0.441043823957443	-0.0023671593517065	
0.439510315656662	-0.00235059717670083	
0.437976777553558	-0.00235121045261621	
0.437363356351852	-0.00233035464771092	
0.436136543750763	-0.00232053990475833	
0.435216426849365	-0.00230765831656754	
0.433376163244247	-0.00230336445383728	
0.432762771844864	-0.00228864257223904	
0.431535929441452	-0.00226655951701105	
0.430002421140671	-0.00226349243894219	
0.429082274436951	-0.00225183763541281	
0.427548766136169	-0.00224018283188343	
0.426321923732758	-0.00221871351823211	
0.42540180683136	-0.0022144194226712	
0.424481689929962	-0.0022064452059567	
0.422641456127167	-0.00219785748049617	
0.421721339225769	-0.00217454764060676	
0.420494496822357	-0.00217700144276023	
0.418960988521576	-0.00215859897434711	
0.418040871620178	-0.00214878446422517	
0.416814029216766	-0.00213712942786515	
0.41620060801506	-0.00212486134842038	
0.414667099714279	-0.00211934046819806	
0.413440257310867	-0.00210645888000727	
0.411906719207764	-0.00209664436988533	
0.410986602306366	-0.00209173699840903	
0.409759789705276	-0.00208130897954106	
0.408226251602173	-0.00207149446941912	
0.407306134700775	-0.00206290651112795	
0.406386017799377	-0.0020469578448683	
0.404852479696274	-0.00204634456895292	
0.403625667095184	-0.00202426151372492	
0.402705550193787	-0.00201690057292581	
0.401172012090683	-0.0019966580439359	
0.399945199489594	-0.00199359096586704	
0.399638473987579	-0.00197825557552278	
0.397798240184784	-0.00197212141938508	
0.39626470208168	-0.00196046661585569	
0.395344585180283	-0.0019531057914719	
0.394117772579193	-0.00193838379345834	
0.392890930175781	-0.00193899730220437	
0.391970813274384	-0.0019285692833364	
0.390130579471588	-0.00192427530419081	
0.38921046257019	-0.00190587295219302	
0.387983649969101	-0.00190709973685443	
0.387063533067703	-0.00189912540372461	
0.385836690664291	-0.00188317673746496	
0.384303152561188	-0.00188133644405752	
0.383076339960098	-0.00187704258132726	
0.381849527359009	-0.00186354748439044	
0.380929380655289	-0.00185189268086106	
0.379702568054199	-0.00185250607319176	
0.378782451152802	-0.0018426914466545	
0.377248913049698	-0.00183901097625494	
0.376022100448608	-0.001823675702326	
0.375101983547211	-0.001823675702326	
0.373568445444107	-0.00181631476152688	
0.372341603040695	-0.00181631476152688	
0.371114790439606	-0.00179239164572209	
0.370194673538208	-0.00179116474464536	
0.368967860937119	-0.00177950994111598	
0.367434322834015	-0.00178012333344668	
0.366514205932617	-0.00177092221565545	
0.365594089031219	-0.00176540145184845	
0.364060550928116	-0.00175129296258092	
0.363140434026718	-0.00174761249218136	
0.361913591623306	-0.00174454541411251	
0.360686779022217	-0.00173534417990595	
0.359459936618805	-0.0017384112579748	
0.358233124017715	-0.00172921014018357	
0.357006311416626	-0.00172246259171516	
0.356086194515228	-0.00170958088710904	
0.35424593091011	-0.00171264796517789	
0.353325814008713	-0.00170160655397922	
0.352405697107315	-0.00170528702437878	
0.35056546330452	-0.00168688467238098	
0.34933865070343	-0.0016942456131801	
0.347805112600327	-0.00167952373158187	
0.347191691398621	-0.00168688467238098	
0.345964878797531	-0.00166725541930646	
0.344431340694427	-0.00165989447850734	
0.34351122379303	-0.00165130675304681	
0.342284381389618	-0.00164946645963937	
0.341670989990234	-0.00164394569583237	
0.340137451887131	-0.00163719814736396	
0.338910639286041	-0.0016335176769644	
0.337990492582321	-0.00162677024491131	
0.337070375680923	-0.00162124948110431	
0.335230141878128	-0.00161266175564379	
0.33431002497673	-0.00161082146223634	
0.333083212375641	-0.00160039344336838	
0.331856369972229	-0.00160346052143723	
0.33062955737114	-0.00159057881683111	
0.329096019268036	-0.00158873863983899	
0.32848259806633	-0.00158505816943944	
0.326642364263535	-0.00157769722864032	
0.325415551662445	-0.00156910938676447	
0.324802130460739	-0.00156726920977235	
0.32357531785965	-0.00155438750516623	
0.322041779756546	-0.00155745458323509	
0.320508241653442	-0.00154641317203641	
0.319894820451736	-0.001539665623568	
0.318668007850647	-0.00152985099703074	
0.317134469747543	-0.00153046438936144	
0.316214352846146	-0.00151942297816277	
0.314680814743042	-0.00151819619350135	
0.313760697841644	-0.00151206203736365	
0.313147306442261	-0.00150654127355665	
0.311307042837143	-0.00150102062616497	
0.310386925935745	-0.0014844584511593	
0.308853417634964	-0.00148936570622027	
0.307626575231552	-0.00148261815775186	
0.306093037128448	-0.00147709751036018	
0.305172920227051	-0.00147464382462204	
0.304559528827667	-0.00146237562876195	
0.302719265222549	-0.0014599219430238	
0.30149245262146	-0.0014654427068308	
0.30026564002037	-0.0014599219430238	
0.29934549331665	-0.00144704023841769	
0.298118680715561	-0.00144335976801813	
0.296891868114471	-0.00143845251295716	
0.29566502571106	-0.00144151959102601	
0.29443821310997	-0.00143967929761857	
0.293518096208572	-0.00144274637568742	
0.291677862405777	-0.00143354514148086	
0.290757715702057	-0.00143354514148086	
0.290144324302673	-0.00142250373028219	
0.287997364997864	-0.00141943665221334	
0.28738397359848	-0.00140594167169183	
0.286157131195068	-0.00140275212470442	
0.284930318593979	-0.00139827420935035	
0.284010201692581	-0.00139643391594291	
0.282476663589478	-0.0013893797295168	
0.281863242387772	-0.00138484046328813	
0.280023008584976	-0.001382693531923	
0.278796195983887	-0.00137950375210494	
0.277876049280167	-0.00137527124024928	
0.276342540979385	-0.00137232686392963	
0.275422424077988	-0.00136441376525909	
0.274195581674576	-0.00135852501261979	
0.272968769073486	-0.00135582603979856	
0.271435230970383	-0.0013587090652436	
0.270208418369293	-0.00134527531918138	
0.26867488026619	-0.00134269904810935	
0.268368154764175	-0.00133472459856421	
0.266834646463394	-0.00133521540556103	
0.265914529561996	-0.00132865179330111	
0.264380991458893	-0.00132546212989837	
0.263460874557495	-0.00132141355425119	
0.261927336454391	-0.00131761038210243	
0.26070049405098	-0.00131834647618234	
0.25947368144989	-0.00130380864720792	
0.258553564548492	-0.00129822653252631	
0.257633447647095	-0.0013024591607973	
0.256099909543991	-0.00130282714962959	
0.254873096942902	-0.00129847193602473	
0.25364625453949	-0.00129356468096375	
0.253032863140106	-0.00128282990772277	
0.251499325037003	-0.00127902673557401	
0.249965786933899	-0.00127773860003799	
0.248738959431648	-0.00127724790945649	
0.247818842530251	-0.00126780127175152	
0.246898725628853	-0.00127007090486586	
0.245671898126602	-0.00126099237240851	
0.244751781225204	-0.00126412080135196	
0.242911547422409	-0.00125252734869719	
0.241684719920158	-0.00125571712851524	
0.240457892417908	-0.0012476813280955	
0.23953777551651	-0.0012413018848747	
0.238310948014259	-0.00123774411622435	
0.236470714211464	-0.00123700802214444	
0.235550582408905	-0.00123860291205347	
0.234323769807816	-0.00123289809562266	
0.233096942305565	-0.0012297696666792	
0.232176825404167	-0.00122075260151178	
0.231256693601608	-0.00121498643420637	
0.22910974919796	-0.00120836158748716	
0.228189632296562	-0.00120879104360938	
0.227269515395164	-0.00120075524318963	
0.226042687892914	-0.00120915903244168	
0.224509164690971	-0.00120081659406424	
0.223282337188721	-0.00120161403901875	
0.222362220287323	-0.00119173817802221	
0.221748799085617	-0.00119284226093441	
0.220828682184219	-0.00119014328811318	
0.218988448381424	-0.00118946854490787	
0.21745491027832	-0.0011734584113583	
0.216841503977776	-0.00118026731070131	
0.215614676475525	-0.00117885647341609	
0.214081138372421	-0.00117707753088325	
0.212854325771332	-0.00116548407822847	
0.211320787668228	-0.00116493203677237	
0.21040067076683	-0.00116327579598874	
0.20917384326458	-0.00115947262383997	
0.207947015762329	-0.0011544426670298	
0.207026898860931	-0.00114683632273227	
0.206106781959534	-0.00115021003875881	
0.205186665058136	-0.00115125288721174	
0.203653126955032	-0.00116229429841042	
0.20211960375309	-0.00115180492866784	
0.201199471950531	-0.00116002466529608	
0.199359238147736	-0.00114873785059899	
0.198745831847191	-0.00114867661613971	
0.197212293744087	-0.00114769511856139	
0.19629217684269	-0.00114456668961793	
0.195065349340439	-0.00114254246000201	
0.194145232439041	-0.00114205165300518	
0.192611694335938	-0.0011359789641574	
0.191078171133995	-0.00113321852404624	
0.190464749932289	-0.00113738980144262	
0.188931226730347	-0.00112800451461226	
0.187397688627243	-0.00112782057840377	
0.186477571725845	-0.00112524419091642	
0.185864165425301	-0.00112475350033492	
0.184330627322197	-0.00112113438080996	
0.183103799819946	-0.0011177605483681	
0.181876972317696	-0.00111291464418173	
0.180650159716606	-0.00111819000449032	
0.17880991101265	-0.00110831402707845	
0.177889794111252	-0.00110849807970226	
0.176969677209854	-0.0010997875360772	
0.17543613910675	-0.00110463355667889	
0.174822732806206	-0.00110027834307402	
0.173289194703102	-0.00110009429045022	
0.17175567150116	-0.00109058641828597	
0.171142250299454	-0.00109494163189083	
0.169302016496658	-0.00108408415690064	
0.168995305895805	-0.00108794867992401	
0.167461782693863	-0.00108549511060119	
0.166234955191612	-0.00108794867992401	
0.165008127689362	-0.00108911423012614	
0.163781300187111	-0.00108138518407941	
0.162861183285713	-0.0010741469450295	
0.161020949482918	-0.00107334950007498	
0.160407528281212	-0.00107727537397295	
0.158874005079269	-0.00106979173142463	
0.157647177577019	-0.00107181596104056	
0.156420350074768	-0.00105954764876515	
0.155193522572517	-0.00106629519723356	
0.153966695070267	-0.00106617261189967	
0.152739882469177	-0.00105776882264763	
0.151513054966927	-0.00105948641430587	
0.150592938065529	-0.00105721678119153	
0.149059399962425	-0.0010565419215709	
0.148139283061028	-0.00105684867594391	
0.146912455558777	-0.00104777014348656	
0.145378917455673	-0.00105372024700046	
0.144458800554276	-0.00105273886583745	
0.143231973052025	-0.00105053058359772	
0.14261856675148	-0.00104617525357753	
0.140778332948685	-0.00104819959960878	
0.139244794845581	-0.00104586861561984	
0.138631388545036	-0.00104231084696949	
0.137404561042786	-0.00104525522328913	
0.135871022939682	-0.00103789428249002	
0.135257616639137	-0.00104255613405257	
0.133724078536034	-0.00103912106715143	
0.132497251033783	-0.0010379555169493	
0.131577134132385	-0.00103384570684284	
0.130350306630135	-0.001043108291924	
0.129123494029045	-0.00103997986298054	
0.127896666526794	-0.00102967454586178	
0.126363128423691	-0.00103280285838991	
0.125443011522293	-0.0010381395695731	
0.123602777719498	-0.00103335501626134	
0.122989363968372	-0.00103820092044771	
0.121455833315849	-0.00102771155070513	
0.120535708963871	-0.00103126931935549	
0.119002178311348	-0.00103850767482072	
0.11808206140995	-0.00103531789500266	
0.1168552339077	-0.0010311467340216	
0.115935117006302	-0.00103519519325346	
0.114708289504051	-0.00104028650093824	
0.113174758851528	-0.00104648200795054	
0.11225464195013	-0.00104194274172187	
0.110721111297607	-0.00104660470969975	
0.109494283795357	-0.00104850623756647	
0.108574166893959	-0.00104709540028125	
0.107347339391708	-0.00104550051037222	
0.106427222490311	-0.00104126799851656	
0.104893684387207	-0.00105592852924019	
0.103973567485809	-0.00105954764876515	
0.102746739983559	-0.00105783017352223	
0.101519919931889	-0.00106077454984188	
0.100293092429638	-0.00106181728187948	
0.0990662649273872	-0.00106482300907373	
0.0975327342748642	-0.00107298139482737	
0.0966126173734665	-0.0010687488829717	
0.0953857898712158	-0.00108506565447897	
0.0941589623689651	-0.00108463631477207	
0.0929321423172951	-0.00108138518407941	
0.0917053148150444	-0.00109224254265428	
0.0901717841625214	-0.00109727261587977	
0.0892516672611237	-0.00110058498103172	
0.08771812915802	-0.00110291596502066	
0.0871047228574753	-0.00110739388037473	
0.0858778953552246	-0.00110911147203296	
0.0843443647027016	-0.00112131831701845	
0.0834242403507233	-0.00113113294355571	
0.0821974202990532	-0.00113266648259014	
0.0809705927968025	-0.00113567220978439	
0.0794370621442795	-0.00115094613283873	
0.0782102346420288	-0.00115223438479006	
0.0772901177406311	-0.0011664655758068	
0.0763700008392334	-0.00116787641309202	
0.0754498764872551	-0.00118462252430618	
0.0739163458347321	-0.00118860974907875	
0.072382815182209	-0.00120087794493884	
0.0717694014310837	-0.001198117621243	
0.0699291676282883	-0.00121443439275026	
0.0696224570274353	-0.00122197938617319	
0.0677822232246399	-0.00122694799210876	
0.0662486851215363	-0.00124203797895461	
0.0650218650698662	-0.00125234329607338	
0.0647151544690132	-0.00125700526405126	
0.0628749206662178	-0.00126461160834879	
0.0622615069150925	-0.00127553031779826	
0.0604212693870068	-0.00128350465092808	
0.0595011487603188	-0.00130141631234437	
0.0579676181077957	-0.00131172162946314	
0.0573542043566704	-0.00131669035181403	
0.0555139668285847	-0.00132337654940784	
0.0545938462018967	-0.00133785302750766	
0.053673729300499	-0.00135147082619369	
0.0521401986479759	-0.00135705282445997	
0.0512200780212879	-0.00136815558653325	
0.0496865473687649	-0.00138208013959229	
0.0487664267420769	-0.00138686469290406	
0.0475396029651165	-0.00140422431286424	
0.0463127754628658	-0.00140680058393627	
0.0447792448103428	-0.00141477503348142	
0.0438591241836548	-0.00143274792935699	
0.0426323004066944	-0.00144434149842709	
0.041405476629734	-0.00144667248241603	
0.0401786491274834	-0.00145673239603639	
0.039565235376358	-0.0014631119556725	
0.038031704723835	-0.00147378526162356	
0.0361914671957493	-0.00148912065196782	
0.0352713465690613	-0.00149574549868703	
0.0340445227921009	-0.00150040735024959	
0.0331244021654129	-0.00150470132939517	
0.0318975783884525	-0.00151555868797004	
0.030670752748847	-0.00151543598622084	
0.0294439271092415	-0.00153163005597889	
0.028217101469636	-0.00153316359501332	
0.0269902776926756	-0.00154218077659607	
0.0254567451775074	-0.0015432849759236	
0.0248433332890272	-0.00155463302507997	
0.023309800773859	-0.00156407966278493	
0.0223896820098162	-0.00157180859241635	
0.0211628563702106	-0.00157788139767945	
0.0199360307306051	-0.00158806401304901	
0.0184025000780821	-0.0015930327353999	
0.0171756744384766	-0.00160204991698265	
0.0162555556744337	-0.00160358345601708	
0.0153354359790683	-0.00161118968389928	
0.0138019043952227	-0.00162259920034558	
0.0125750787556171	-0.00162910134531558	
0.0110415471717715	-0.00163437670562416	
0.0104281343519688	-0.00163370196241885	
0.00920130964368582	-0.00164793315343559	
0.00828118994832039	-0.00164228968787938	
0.00674765836447477	-0.001649159938097	
0.00582753960043192	-0.00165400595869869	
0.00490742037072778	-0.00165425124578178	
0.00306718237698078	-0.00166535400785506	
0.00184035708662122	-0.00166995462495834	
0.000613531679846346	-0.00167449389118701	
