Potential (V)	Current (A)	
-0.000613293668720871	-0.000313453638227656	
-0.00122670631390065	-0.000205063828616403	
-0.00184011901728809	-0.0001577697112225	
-0.00245353160426021	-0.000135993570438586	
-0.00306694442406297	-0.000119934447866399	
-0.00368035701103508	-0.000108641514088959	
-0.00460047600790858	-9.91765627986752E-05	
-0.00490718241780996	-0.00014193142123986	
-0.0058273016475141	-0.000107445361209102	
-0.00705412682145834	-0.000102709818747826	
-0.0076675396412611	-9.91581546259113E-05	
-0.00858765840530396	-0.000100323639344424	
-0.00920107122510672	-9.25271669984795E-05	
-0.00950777716934681	-9.7201373137068E-05	
-0.0104278968647122	-9.02268657227978E-05	
-0.0107346028089523	-9.25701024243608E-05	
-0.0116547215729952	-9.31344475247897E-05	
-0.0119614284485579	-8.68592323968187E-05	
-0.0125748412683606	-8.48104318720289E-05	
-0.0141083728522062	-8.7190477643162E-05	
-0.0144150787964463	-8.48042982397601E-05	
-0.0150284916162491	-8.33014419185929E-05	
-0.0156419035047293	-8.63869063323364E-05	
-0.0165620241314173	-7.93633298599161E-05	
-0.0171754360198975	-8.17311010905541E-05	
-0.0177888479083776	-8.47674964461476E-05	
-0.0180955547839403	-7.76764427428134E-05	
-0.0193223804235458	-7.97007087385282E-05	
-0.019935792312026	-8.50435317261145E-05	
-0.020855912938714	-7.98663313616998E-05	
-0.0211626179516315	-8.70187213877216E-05	
-0.0220827367156744	-8.16022875369526E-05	
-0.0230028573423624	-7.91915736044757E-05	
-0.0239229761064053	-8.01116912043653E-05	
-0.0242296811193228	-8.22647707536817E-05	
-0.0245363879948854	-7.45725774322636E-05	
-0.0254565067589283	-8.68592323968187E-05	
-0.0260699205100536	-8.16268220660277E-05	
-0.0266833323985338	-7.76273736846633E-05	
-0.0276034511625767	-8.15654784673825E-05	
-0.0285235699266195	-7.74372165324166E-05	
-0.0294436905533075	-7.91793063399382E-05	
-0.0300571024417877	-8.36572216940112E-05	
-0.0303638093173504	-7.90198173490353E-05	
-0.0312839262187481	-7.7934077125974E-05	
-0.0322040468454361	-8.34915990708396E-05	
-0.0325107537209988	-7.81549097155221E-05	
-0.0334308706223965	-8.10502169770189E-05	
-0.0337375774979591	-8.06637617642991E-05	
-0.0346576981246471	-8.09029952506535E-05	
-0.0346576981246471	-7.80138216214255E-05	
-0.0364979356527328	-8.49515199661255E-05	
-0.0368046425282955	-7.67195233493112E-05	
-0.0374180562794209	-7.89891491876915E-05	
-0.0383381731808186	-7.9185439972207E-05	
-0.0389515869319439	-7.35665817046538E-05	
-0.0392582938075066	-7.61490446166135E-05	
-0.0401784107089043	-8.44669266371056E-05	
-0.0407918244600296	-7.51982588553801E-05	
-0.0417119450867176	-7.97620450612158E-05	
-0.0426320619881153	-8.16881656646729E-05	
-0.0432454757392406	-7.66213779570535E-05	
-0.0441655926406384	-8.10256751719862E-05	
-0.0447790063917637	-7.87131139077246E-05	
-0.045392420142889	-7.69832913647406E-05	
-0.0460058301687241	-8.2387457950972E-05	
-0.0466192439198494	-8.31112847663462E-05	
-0.0478460714221001	-7.7958611655049E-05	
-0.0481527745723724	-8.74481120263226E-05	
-0.0487661883234978	-8.12526413938031E-05	
-0.0493796020746231	-8.24549279059283E-05	
-0.0499930158257484	-8.40927386889234E-05	
-0.0506064258515835	-8.48595082061365E-05	
-0.0512198396027088	-7.97007087385282E-05	
-0.0521399602293968	-8.12587750260718E-05	
-0.0530600771307945	-7.87192475399934E-05	
-0.0533667840063572	-7.40450414014049E-05	
-0.0539801977574825	-8.0590158177074E-05	
-0.0552070215344429	-8.28352494863793E-05	
-0.0555137284100056	-7.83450668677688E-05	
-0.0564338490366936	-8.63194291014224E-05	
-0.0570472590625286	-8.53441015351564E-05	
-0.0576606728136539	-7.90566264186054E-05	
-0.0585807934403419	-8.71720767463557E-05	
-0.0588874965906143	-8.52398225106299E-05	
-0.060114324092865	-8.31296856631525E-05	
-0.0607277378439903	-8.77977581694722E-05	
-0.0610344409942627	-8.88221547938883E-05	
-0.0622612684965134	-8.35284008644521E-05	
-0.0625679716467857	-9.09752343432046E-05	
-0.0628746822476387	-8.7736414570827E-05	
-0.0641015097498894	-8.35038663353771E-05	
-0.0647149160504341	-8.846637501847E-05	
-0.0653283298015594	-8.57244231156074E-05	
-0.0659417435526848	-8.37185580166988E-05	
-0.0665551573038101	-9.00735176401213E-05	
-0.0671685710549355	-8.16820320324041E-05	
-0.0683953911066055	-8.6098603787832E-05	
-0.0687021017074585	-8.62274173414335E-05	
-0.0699289292097092	-8.28475167509168E-05	
-0.0702356323599815	-8.51784789119847E-05	
-0.0711557492613792	-8.80799270817079E-05	
-0.0714624598622322	-8.67672206368297E-05	
-0.0726892799139023	-8.33014419185929E-05	
-0.0736094042658806	-8.94048935151659E-05	
-0.0736094042658806	-8.61599401105195E-05	
-0.0742228180170059	-9.0196197561454E-05	
-0.0748362243175507	-9.30178939597681E-05	
-0.0760630518198013	-8.71230004122481E-05	
-0.0766764655709267	-8.33137091831304E-05	
-0.077289879322052	-9.18462756089866E-05	
-0.0779032930731773	-8.23751834104769E-05	
-0.078823409974575	-8.63991735968739E-05	
-0.0791301131248474	-8.81964733707719E-05	
-0.0803569406270981	-8.46264083520509E-05	
-0.0815837681293488	-8.69819123181514E-05	
-0.0815837681293488	-9.26805223571137E-05	
-0.0821971818804741	-8.28843185445294E-05	
-0.0831172987818718	-8.59391147969291E-05	
-0.0840374156832695	-8.85890549398027E-05	
-0.0840374156832695	-8.46080074552447E-05	
-0.0852642431855202	-9.00244413060136E-05	
-0.0858776569366455	-8.92331372597255E-05	
-0.0861843600869179	-8.58164348755963E-05	
-0.0871044844388962	-9.16193166631274E-05	
-0.0880246013402939	-9.50850953813642E-05	
-0.0886380150914192	-8.79756407812238E-05	
-0.0895581319928169	-9.69928078120574E-05	
-0.0898648351430893	-9.15947821340524E-05	
-0.0901715457439423	-9.09629670786671E-05	
-0.0917050763964653	-9.34104828047566E-05	
-0.0920117795467377	-9.68455933616497E-05	
-0.092625193297863	-9.05949127627537E-05	
-0.0932386070489883	-0.000100059871328995	
-0.094158723950386	-9.56555741140619E-05	
-0.0950788483023643	-9.29626912693493E-05	
-0.0956922620534897	-9.71829649643041E-05	
-0.0966123789548874	-9.43244667723775E-05	
-0.0969190821051598	-8.96379933692515E-05	
-0.0975324958562851	-9.93176436168142E-05	
-0.0987593233585358	-8.93558244570158E-05	
-0.0984526127576828	-9.56862422754057E-05	
-0.0996794402599335	-9.8710363090504E-05	
-0.100292854011059	-9.52752525336109E-05	
-0.101212970912457	-9.44778221310116E-05	
-0.102133095264435	-9.95323425740935E-05	
-0.103053212165833	-9.2422887973953E-05	
-0.103053212165833	-9.66983716352843E-05	
-0.10397332906723	-9.98022442217916E-05	
-0.104893445968628	-9.29258821997792E-05	
-0.105506859719753	-9.88698520814069E-05	
-0.106120273470879	-9.65818253462203E-05	
-0.106426984071732	-9.6796517027542E-05	
-0.107653804123402	-9.81276243692264E-05	
-0.107960514724255	-0.000100084413134027	
-0.108880631625652	-9.36251744860783E-05	
-0.10980074852705	-0.000106218540167902	
-0.110414162278175	-0.000100703960924875	
-0.110720872879028	-9.81828343356028E-05	
-0.111640989780426	-0.000104249484138563	
-0.112561106681824	-9.67106388998218E-05	
-0.112867817282677	-9.93360445136204E-05	
-0.114094637334347	-0.000100519930128939	
-0.114708051085472	-0.000101801968412474	
-0.115014761686325	-9.9710225185845E-05	
-0.11562816798687	-0.0001061878647306	
-0.116548292338848	-9.58334640017711E-05	
-0.117161706089973	-0.000101047466159798	
-0.117775112390518	-0.00010138484503841	
-0.118695236742496	-9.93544526863843E-05	
-0.119308650493622	-0.00010487516556168	
-0.12022876739502	-0.000106267609226052	
-0.120535470545292	-9.86980958259664E-05	
-0.121148884296417	-0.000109972621430643	
-0.12268241494894	-0.000101562734926119	
-0.122989125549793	-0.000103108533949126	
-0.123909242451191	-0.000107071180536877	
-0.124215945601463	-0.000103218946605921	
-0.124522656202316	-0.000105488579720259	
-0.125749483704567	-0.000107334948552307	
-0.126669600605965	-0.000106611121736933	
-0.126976311206818	-0.000104139071481768	
-0.127896428108215	-0.000110708715510555	
-0.128816545009613	-0.000102991987660062	
-0.129429951310158	-0.000109929686004762	
-0.130043372511864	-0.000107077314169146	
-0.130656778812408	-0.000107653926534113	
-0.130963489413261	-0.000110696448246017	
-0.132190316915512	-0.000111542962258682	
-0.13311043381691	-0.000103513390058652	
-0.133723840117455	-0.00011583071318455	
-0.13433726131916	-0.000111015426227823	
-0.134643957018852	-0.000110555367427878	
-0.135257378220558	-0.000116290771984495	
-0.136484205722809	-0.000112321991764475	
-0.137097612023354	-0.000109426684502978	
-0.137097612023354	-0.000114370792289265	
-0.138324439525604	-0.000108383886981755	
-0.139244556427002	-0.00011299061588943	
-0.1401646733284	-0.00011626623745542	
-0.139857977628708	-0.00011102769349236	
-0.14139150083065	-0.000114591617602855	
-0.14139150083065	-0.000114879927423317	
-0.142618328332901	-0.000112260655441787	
-0.143538445234299	-0.000112696172436699	
-0.143845155835152	-0.000120008051453624	
-0.144458562135696	-0.000109021835669409	
-0.145071983337402	-0.000118848707643338	
-0.145685389637947	-0.000114462804049253	
-0.146298810839653	-0.00011565895692911	
-0.147525623440742	-0.000119529591756873	
-0.148139044642448	-0.000120198215881828	
-0.149059161543846	-0.000115879789518658	
-0.149365872144699	-0.00012084843183402	
-0.150285989046097	-0.000118707619549241	
-0.15059269964695	-0.00011971974890912	
-0.151819512248039	-0.000119008189358283	
-0.152126222848892	-0.000121247147035319	
-0.152739644050598	-0.000116076080303174	
-0.153966456651688	-0.000124712925753556	
-0.154273167252541	-0.00012254758621566	
-0.155193284153938	-0.000118854841275606	
-0.155499994754791	-0.000128460887935944	
-0.156420111656189	-0.000122762270621024	
-0.156726822257042	-0.000123719204566441	
-0.15764693915844	-0.000126731058117002	
-0.158260345458984	-0.000122038451081607	
-0.159180477261543	-0.000118241427117027	
-0.160100594162941	-0.000130552623886615	
-0.161020711064339	-0.000120995646284427	
-0.161940827965736	-0.000122884957818314	
-0.162554234266281	-0.000126841478049755	
-0.162860944867134	-0.000123872552649118	
-0.16347436606884	-0.000123148725833744	
-0.163781061768532	-0.000129552761791274	
-0.165007889270782	-0.000122756144264713	
-0.165314599871635	-0.00012526499631349	
-0.166541427373886	-0.000127847466501407	
-0.166848123073578	-0.000123602658277377	
-0.167154833674431	-0.000127841340145096	
-0.168381661176682	-0.000127847466501407	
-0.168995067477226	-0.000121032455353998	
-0.170221894979477	-0.000126927348901518	
-0.17052860558033	-0.000130693704704754	
-0.171448722481728	-0.000124222206068225	
-0.172062143683434	-0.000132086148369126	
-0.172675549983978	-0.00012722791871056	
-0.173288956284523	-0.000131570879602805	
-0.174209088087082	-0.000130485146655701	
-0.174209088087082	-0.000131460474221967	
-0.17512920498848	-0.000127424209495075	
-0.175435900688171	-0.000138220275403	
-0.176969438791275	-0.000133355919388123	
-0.17758284509182	-0.000133693290990777	
-0.177889555692673	-0.000136226692120545	
-0.17880967259407	-0.000138336821692064	
-0.179116383194923	-0.000131380729726516	
-0.180036500096321	-0.000135466048959643	
-0.180956616997719	-0.000135153211886063	
-0.181876733899117	-0.000138091461849399	
-0.182490155100822	-0.000142434422741644	
-0.18341027200222	-0.000134447793243453	
-0.183716982603073	-0.000138128263643011	
-0.184330388903618	-0.000137839961098507	
-0.185250505805016	-0.000139036113978364	
-0.185863927006721	-0.000136465911054984	
-0.186477333307266	-0.000141219861689024	
-0.187397450208664	-0.000139171068440191	
-0.187704160809517	-0.000137238821480423	
-0.188930988311768	-0.0001444280060241	
-0.189237698912621	-0.000139490046421997	
-0.190157815814018	-0.00013904225488659	
-0.191077932715416	-0.00014231787645258	
-0.191384643316269	-0.00013395091809798	
-0.191998049616814	-0.000141367083415389	
-0.192918166518211	-0.000144133577123284	
-0.193531587719917	-0.000137398310471326	
-0.194451704621315	-0.000143121447763406	
-0.19506511092186	-0.000145072102895938	
-0.195371821522713	-0.000138858231366612	
-0.19629193842411	-0.000147973536513746	
-0.197212055325508	-0.000148096223711036	
-0.197518765926361	-0.000144924881169572	
-0.198438882827759	-0.000147599363117479	
-0.199052289128304	-0.000148789375089109	
-0.199665710330009	-0.000147059559822083	
-0.200279116630554	-0.000147323327837512	
-0.201199233531952	-0.000150427193148062	
-0.202119365334511	-0.000148310922668315	
-0.202426061034203	-0.000154690409544855	
-0.2033461779356	-0.000148243445437402	
-0.203959599137306	-0.000151850312249735	
-0.204879716038704	-0.000155708665261045	
-0.205493122339249	-0.000154285560711287	
-0.206719949841499	-0.000148728038766421	
-0.206719949841499	-0.00015886161418166	
-0.207640066742897	-0.000147335595102049	
-0.208253487944603	-0.000150556006701663	
-0.209173604846001	-0.000154579989612103	
-0.209480315446854	-0.000153776418301277	
-0.210400432348251	-0.000153212080476806	
-0.211013838648796	-0.000157916962052695	
-0.211933955550194	-0.000153684406541288	
-0.212240666151047	-0.000155543049913831	
-0.213160783052444	-0.000161769188707694	
-0.21377420425415	-0.000153003522427753	
-0.214387610554695	-0.000158487426233478	
-0.215614438056946	-0.00015772067126818	
-0.215614438056946	-0.000155604386236519	
-0.216534554958344	-0.000157806542119943	
-0.217454671859741	-0.000161339805345051	
-0.218068093061447	-0.000156027643242851	
-0.218681499361992	-0.000161971620400436	
-0.219294920563698	-0.000158536509843543	
-0.219908326864243	-0.000163517412147485	
-0.22082844376564	-0.000159168324898928	
-0.221748560667038	-0.00016483012586832	
-0.222361981868744	-0.000162266049301252	
-0.222975388169289	-0.000165271776495501	
-0.223282098770142	-0.000166302314028144	
-0.224202215671539	-0.000162677039043047	
-0.22542904317379	-0.00017174327513203	
-0.225735753774643	-0.000169657680089585	
-0.226655870676041	-0.000170087063452229	
-0.226962566375732	-0.000172534579178318	
-0.227882698178291	-0.000172387357451953	
-0.228802815079689	-0.000171454972587526	
-0.229109510779381	-0.000177276262547821	
-0.229722931981087	-0.000167510734172538	
-0.230643048882484	-0.000172767671756446	
-0.231256455183029	-0.000173399486811832	
-0.232176586985588	-0.00017501889669802	
-0.232789993286133	-0.000169344843016006	
-0.233096703886986	-0.000180097966222093	
-0.234323531389236	-0.00017033243784681	
-0.234630227088928	-0.000177386682480574	
-0.235550343990326	-0.000182060874067247	
-0.236163765192032	-0.000173595763044432	
-0.236777171492577	-0.000182612930075265	
-0.237697288393974	-0.000178380389115773	
-0.23831070959568	-0.000182796953595243	
-0.238924115896225	-0.000184146469109692	
-0.239537537097931	-0.000185986704309471	
-0.240457653999329	-0.000183226336957887	
-0.241377770900726	-0.00018782693950925	
-0.241377770900726	-0.000187888275831938	
-0.242297887802124	-0.000185127923032269	
-0.243218004703522	-0.000188931080629118	
-0.243218004703522	-0.000191384737263434	
-0.244751542806625	-0.000188133650226519	
-0.245058253407478	-0.000196598746697418	
-0.245978370308876	-0.000192918261745945	
-0.246591776609421	-0.000199849833734334	
-0.247511893510818	-0.000191998144146055	
-0.247818604111671	-0.000192488878383301	
-0.248432010412216	-0.000194942520465702	
-0.249658837914467	-0.000200585927814245	
-0.250272244215012	-0.00019733484077733	
-0.250578969717026	-0.000195923988940194	
-0.251192361116409	-0.000202855546376668	
-0.252112478017807	-0.000203468967811204	
-0.253032624721527	-0.000197948247659951	
-0.253952741622925	-0.000206658703973517	
-0.254566133022308	-0.00020162871805951	
-0.255179554224014	-0.000204205061891116	
-0.256406366825104	-0.000208437602850609	
-0.256406366825104	-0.000204205061891116	
-0.25701978802681	-0.000215491847484373	
-0.257939904928207	-0.000211381979170255	
-0.258553326129913	-0.000214203682844527	
-0.259473443031311	-0.000215001127799042	
-0.260086864233017	-0.000217945504118688	
-0.260393559932709	-0.000213651612284593	
-0.261313676834106	-0.000215553198358975	
-0.262540519237518	-0.000225919866352342	
-0.262540519237518	-0.000213835635804571	
-0.263767331838608	-0.000223159513552673	
-0.263767331838608	-0.000223466209718026	
-0.265300869941711	-0.000217332082684152	
-0.265300869941711	-0.000228680219152011	
-0.266527682542801	-0.000229723023949191	
-0.267141103744507	-0.000224263654672541	
-0.267754524946213	-0.000230336430831812	
-0.268367916345596	-0.000222239395952784	
-0.269288033246994	-0.000229845711146481	
-0.2699014544487	-0.000231133875786327	
-0.270514875650406	-0.000227944125072099	
-0.271434992551804	-0.000230704492423683	
-0.27204841375351	-0.000235918487305753	
-0.272661805152893	-0.000231808633543551	
-0.273275226354599	-0.000234262275625952	
-0.273581922054291	-0.000234998369705863	
-0.274808764457703	-0.000230152407311834	
-0.275115460157394	-0.000236961292102933	
-0.276035577058792	-0.000243586153374054	
-0.276342302560806	-0.000238678854657337	
-0.277569115161896	-0.000242604684899561	
-0.278795957565308	-0.00025057906168513	
-0.279409348964691	-0.000241132496739738	
-0.279716074466705	-0.00024548772489652	
-0.280636191368103	-0.00024849345209077	
-0.280942887067795	-0.000244628958171234	
-0.281556308269501	-0.000242788708419539	
-0.282476425170898	-0.000252787343924865	
-0.283396542072296	-0.000248064054176211	
-0.284009963274002	-0.000249168195296079	
-0.284623354673386	-0.000251192483119667	
-0.285236775875092	-0.000250885757850483	
-0.285850197076797	-0.000250701734330505	
-0.286770313978195	-0.000258062704233453	
-0.287077009677887	-0.000256713188719004	
-0.287997126579285	-0.000258308049524203	
-0.288610547780991	-0.000262601941358298	
-0.289530664682388	-0.00025892147095874	
-0.290450781583786	-0.000260761706158519	
-0.290757477283478	-0.000265975715592504	
-0.291677623987198	-0.000255363673204556	
-0.29198431968689	-0.000263522058958188	
-0.293211132287979	-0.000267079856712371	
-0.293517857789993	-0.000260945729678497	
-0.294131249189377	-0.000274379475740716	
-0.295358091592789	-0.000283826026134193	
-0.295971512794495	-0.000280084204860032	
-0.296278208494186	-0.000277875922620296	
-0.297198325395584	-0.000283948698779568	
-0.29781174659729	-0.000270514981821179	
-0.298118442296982	-0.00027726250118576	
-0.29903855919838	-0.000279409461654723	
-0.299958676099777	-0.000277078477665782	
-0.300572097301483	-0.000288917362922803	
-0.301185518503189	-0.000290144176688045	
-0.302105635404587	-0.000286341004539281	
-0.30271902680397	-0.000285604910459369	
-0.303639143705368	-0.000294806115562096	
-0.303945869207382	-0.000301983032841235	
-0.30486598610878	-0.000308546557789668	
-0.305786103010178	-0.000308301183395088	
-0.306092798709869	-0.000314864708343521	
-0.306706219911575	-0.000299958774121478	
-0.307319641113281	-0.000317195663228631	
-0.308546453714371	-0.000311797630274668	
-0.308853179216385	-0.000307565089315176	
-0.309466570615768	-0.000331304152496159	
-0.310386687517166	-0.000325783446896821	
-0.31069341301918	-0.000330752081936225	
-0.311613529920578	-0.000339339865604416	
-0.312533646821976	-0.000321673578582704	
-0.313147068023682	-0.000325783446896821	
-0.313453763723373	-0.000341118779033422	
-0.314373880624771	-0.000340996077284217	
-0.315293997526169	-0.000332224270096049	
-0.315907418727875	-0.000334984651999548	
-0.316520810127258	-0.000342713639838621	
-0.317440956830978	-0.000338358397129923	
-0.318361073732376	-0.000330445385770872	
-0.31897446513176	-0.000329525268170983	
-0.319587886333466	-0.000342652288964018	
-0.320201307535172	-0.000336334138410166	
-0.321428120136261	-0.000346332788467407	
-0.321734845638275	-0.000352405564626679	
-0.322041541337967	-0.000354859221260995	
-0.322961658239365	-0.000362281512934715	
-0.323881775140762	-0.000364121748134494	
-0.324188470840454	-0.000367495522368699	
-0.325722008943558	-0.000364612467819825	
-0.325415313243866	-0.000355472613591701	
-0.326642125844955	-0.000365471263648942	
-0.327255547046661	-0.000357128825271502	
-0.327255547046661	-0.000351424096152186	
-0.328175663948059	-0.000346516811987385	
-0.329095780849457	-0.000349031790392473	
-0.330015897750854	-0.000340566708473489	
-0.330322623252869	-0.000349522510077804	
-0.331549435853958	-0.0003505653294269	
-0.332469552755356	-0.000380377168767154	
-0.332469552755356	-0.000386572646675631	
-0.333696365356445	-0.000371973437722772	
-0.334309786558151	-0.000371421367162839	
-0.334923207759857	-0.000372525508282706	
-0.335536628961563	-0.000375592557247728	
-0.336150020360947	-0.000355963362380862	
-0.336763441562653	-0.000360195903340355	
-0.33768355846405	-0.000383628270355985	
-0.338296979665756	-0.000376144627807662	
-0.338910400867462	-0.000368967710528523	
-0.340137213468552	-0.00037307757884264	
-0.340137213468552	-0.000367372820619494	
-0.341057330369949	-0.000363385654054582	
-0.342284142971039	-0.000372893555322662	
-0.342284142971039	-0.000367004773579538	
-0.343510985374451	-0.000404606980737299	
-0.343510985374451	-0.000405772472731769	
-0.34473779797554	-0.000394915055949241	
-0.345351219177246	-0.000400129065383226	
-0.346271336078644	-0.000393136171624064	
-0.34688475728035	-0.000405588449211791	
-0.347498178482056	-0.000409452943131328	
-0.348418295383453	-0.00039743006345816	
-0.348724991083145	-0.000389394350349903	
-0.349645107984543	-0.000407060637371615	
-0.350565224885941	-0.00040509770042263	
-0.351178646087646	-0.000402337347622961	
-0.351485341787338	-0.000401294557377696	
-0.352098762989044	-0.000394178961869329	
-0.353018879890442	-0.000389885070035234	
-0.353632301092148	-0.000406508566811681	
-0.35393899679184	-0.000405281723942608	
-0.355165809392929	-0.000405159051297233	
-0.356085956096649	-0.000405465747462586	
-0.356392651796341	-0.000430738349677995	
-0.357312768697739	-0.000423500081524253	
-0.35761946439743	-0.000414298905525357	
-0.358846306800842	-0.000414666952565312	
-0.360073119401932	-0.000433682755101472	
-0.360073119401932	-0.000434664194472134	
-0.360686540603638	-0.000431106396717951	
-0.361606657505035	-0.00042018765816465	
-0.362220078706741	-0.000444294768385589	
-0.362526774406433	-0.000431474443757907	
-0.363140195608139	-0.000428407394792885	
-0.364367008209229	-0.000425892387283966	
-0.364980429410934	-0.000442822580225766	
-0.365900546312332	-0.000438344664871693	
-0.366207242012024	-0.000436381757026538	
-0.367434084415436	-0.000460059498436749	
-0.368047475814819	-0.000462574476841837	
-0.368660897016525	-0.000468708603875712	
-0.369274318218231	-0.00045754449092783	
-0.370194435119629	-0.000450551597168669	
-0.370807856321335	-0.000447423197329044	
-0.371421247720718	-0.000438467366620898	
-0.372034668922424	-0.000466193625470623	
-0.372954785823822	-0.000453986693173647	
-0.373568207025528	-0.000448834034614265	
-0.374181628227234	-0.000489932659547776	
-0.374488323926926	-0.000489135272800922	
-0.375101745128632	-0.000525265233591199	
-0.376635253429413	-0.000510850048158318	
-0.376941978931427	-0.000497293658554554	
-0.377862095832825	-0.000504102499689907	
-0.378475517034531	-0.000494165229611099	
-0.379395633935928	-0.000474229309475049	
-0.379395633935928	-0.000502568960655481	
-0.380315750837326	-0.000480363436508924	
-0.38092914223671	-0.00048097685794346	
-0.38184928894043	-0.000488092453451827	
-0.382462680339813	-0.000512199592776597	
-0.383382797241211	-0.000498888490255922	
-0.383996218442917	-0.000506678828969598	
-0.384609639644623	-0.000490300706587732	
-0.385529756546021	-0.000490178063046187	
-0.386143177747726	-0.000530049845110625	
-0.38675656914711	-0.000522443559020758	
-0.387369990348816	-0.000517781591042876	
-0.387676686048508	-0.000518640386871994	
-0.388596802949905	-0.00051367178093642	
-0.389516919851303	-0.000509684556163847	
-0.390743762254715	-0.000513487728312612	
-0.391050457954407	-0.000515450665261596	
-0.391663879156113	-0.000512444938067347	
-0.392277300357819	-0.000532196834683418	
-0.392890691757202	-0.000581269850954413	
-0.393197417259216	-0.000562744797207415	
-0.394117534160614	-0.000554525060579181	
-0.39473095536232	-0.000565198424737901	
-0.395651072263718	-0.000546489318367094	
-0.395957767963409	-0.000546550669241697	
-0.396877884864807	-0.000599120161496103	
-0.397491306066513	-0.000588692142628133	
-0.399024844169617	-0.000571148528251797	
-0.399638235569	-0.00056403293274343	
-0.399944961071014	-0.000549556396435946	
-0.400558352470398	-0.000543483591172844	
-0.401478469371796	-0.000597647973336279	
-0.402091890573502	-0.000587158603593707	
-0.402705311775208	-0.000574092904571444	
-0.403932124376297	-0.00055845087626949	
-0.404238849878311	-0.000582373992074281	
-0.404852241277695	-0.000588017399422824	
-0.405465662479401	-0.000568572198972106	
-0.406079083681107	-0.000617031764704734	
-0.406999200582504	-0.000622123130597174	
-0.407919317483902	-0.000604211469180882	
-0.407919317483902	-0.000611940457019955	
-0.4088394343853	-0.000612676551099867	
-0.409146130084991	-0.000662547012325376	
-0.410679668188095	-0.000659295939840376	
-0.410986363887787	-0.000637765158899128	
-0.411906510591507	-0.000630649563390762	
-0.412519901990891	-0.000610345567110926	
-0.413440018892288	-0.000673281727358699	
-0.414360135793686	-0.000652241695206612	
-0.4146668612957	-0.000642181723378599	
-0.41589367389679	-0.000652977789286524	
-0.416507095098495	-0.000628870679065585	
-0.416813790798187	-0.000613351294305176	
-0.417427211999893	-0.000637458404526114	
-0.418040633201599	-0.000717938179150224	
-0.418960750102997	-0.000713153567630798	
-0.41957414150238	-0.000687083520460874	
-0.420187562704086	-0.000674569921102375	
-0.420800983905792	-0.000659541285131127	
-0.42172110080719	-0.000648867920972407	
-0.422334522008896	-0.000650524103548378	
-0.423254638910294	-0.000750449020415545	
-0.423868030309677	-0.000744928314816207	
-0.424481451511383	-0.000726341910194606	
-0.425094872713089	-0.000728795595932752	
-0.426014989614487	-0.00070321629755199	
-0.426628410816193	-0.000681133416946977	
-0.427241802215576	-0.000692420231644064	
-0.427855223417282	-0.000689598498865962	
-0.428468644618988	-0.000677698291838169	
-0.429388761520386	-0.000765600358135998	
-0.430002182722092	-0.000786395044997334	
-0.430615574121475	-0.000766152399592102	
-0.430922299623489	-0.000761122442781925	
-0.432149112224579	-0.00073664728552103	
-0.433069229125977	-0.000719103671144694	
-0.433069229125977	-0.00081320118624717	
-0.433989346027374	-0.000787008437328041	
-0.435216188430786	-0.00078118103556335	
-0.435216188430786	-0.000766643148381263	
-0.436443001031876	-0.000733825552742928	
-0.437056422233582	-0.000822893111035228	
-0.437363117933273	-0.000802343769464642	
-0.438589960336685	-0.000781365029979497	
-0.439203351736069	-0.000759772898163646	
-0.439816772937775	-0.000850496639031917	
-0.440430194139481	-0.000856262748129666	
-0.441350311040878	-0.000826082832645625	
-0.441963702440262	-0.000831603538244963	
-0.442577123641968	-0.000804981449618936	
-0.443190544843674	-0.000791486352682114	
-0.444110661745071	-0.000898465514183044	
-0.444417357444763	-0.000878100225236267	
-0.445337474346161	-0.000845528033096343	
-0.445950895547867	-0.000833382422570139	
-0.447177737951279	-0.000839761923998594	
-0.447791129350662	-0.000904354266822338	
-0.448097854852676	-0.000895643839612603	
-0.44871124625206	-0.000874726451002061	
-0.449631363153458	-0.000942692568060011	
-0.450244784355164	-0.000909690978005528	
-0.45085820555687	-0.000890797877218574	
-0.452085018157959	-0.000986796920187771	
-0.452391743659973	-0.000950973655562848	
-0.452698439359665	-0.000923124724067748	
-0.453925251960754	-0.000889325689058751	
-0.455152094364166	-0.00101605674717575	
-0.455152094364166	-0.000987042323686183	
-0.455765515565872	-0.000955819617956877	
-0.456992328166962	-0.00094428745796904	
-0.457299023866653	-0.000938889395911247	
-0.458219140768051	-0.00103955040685833	
-0.458525866270065	-0.00101765163708478	
-0.459445983171463	-0.00100838905200362	
-0.460059404373169	-0.0009813989745453	
-0.460366100072861	-0.000992194982245564	
-0.46159291267395	-0.000973424583207816	
-0.461899638175964	-0.000983300502412021	
-0.463126450777054	-0.000985447433777153	
-0.463433146476746	-0.000990048050880432	
-0.464659988880157	-0.000997224939055741	
-0.464966684579849	-0.00100145756732672	
-0.465886801481247	-0.00100863445550203	
-0.466500222682953	-0.00100661022588611	
-0.466500222682953	-0.00103562464937568	
-0.467727035284042	-0.0010315147228539	
-0.468033760786057	-0.00104224949609488	
-0.468647181987762	-0.00104599131736904	
-0.470180690288544	-0.00104887434281409	
-0.47079411149025	-0.00105329090729356	
-0.471100807189941	-0.00105795287527144	
-0.472327649593353	-0.00104163610376418	
-0.472941070795059	-0.00107181596104056	
-0.472941070795059	-0.00108169193845242	
-0.473861187696457	-0.00109064776916057	
-0.475088000297546	-0.00109058641828597	
-0.475394695997238	-0.00120271823834628	
-0.476008117198944	-0.00123105791863054	
-0.476928234100342	-0.00119836302474141	
-0.478155076503754	-0.00120143010281026	
-0.478155076503754	-0.00116904184687883	
-0.478768467903137	-0.00115824583917856	
-0.479688584804535	-0.00123394094407558	
-0.479995310306549	-0.00119351700413972	
-0.480608701705933	-0.00132466468494385	
-0.481528848409653	-0.00128559023141861	
-0.48244896531105	-0.00128105096518993	
-0.482755661010742	-0.00126203522086143	
-0.483982473611832	-0.00126504094805568	
-0.484289199113846	-0.00124651589430869	
-0.485209316015244	-0.0012226541293785	
-0.485822737216949	-0.00124160863924772	
-0.486436128616333	-0.00139373494312167	
-0.487356245517731	-0.00138551520649344	
-0.487662971019745	-0.00135177746415138	
-0.488583087921143	-0.00136024260427803	
-0.489196479320526	-0.00132638216018677	
-0.490116626024246	-0.00132785434834659	
-0.491036742925644	-0.00131129228975624	
-0.491343438625336	-0.00131239637266845	
-0.492570251226425	-0.00134202418848872	
-0.492570251226425	-0.00136993452906609	
-0.493797093629837	-0.00137588463257998	
-0.494410514831543	-0.00135754363145679	
-0.495023906230927	-0.00138747808523476	
-0.495330631732941	-0.00139085191767663	
-0.49655744433403	-0.00137833831831813	
-0.49655744433403	-0.00141698331572115	
-0.498090982437134	-0.00142207462340593	
-0.49870440363884	-0.00140164792537689	
-0.499624520540237	-0.00143986358307302	
-0.499931216239929	-0.00141600181814283	
-0.500237941741943	-0.00143053964711726	
-0.501158058643341	-0.00143268657848239	
-0.502384841442108	-0.00145519885700196	
-0.502384841442108	-0.00145599630195647	
-0.50361168384552	-0.00146176235284656	
-0.504225075244904	-0.00147439865395427	
-0.505145251750946	-0.00148948864080012	
-0.505145251750946	-0.00148482667282224	
-0.506372034549713	-0.00149580684956163	
-0.506678760051727	-0.00151764426846057	
-0.507598876953125	-0.00151727627962828	
-0.508212268352509	-0.00153543322812766	
-0.508825719356537	-0.00154487986583263	
-0.509745836257935	-0.00155328353866935	
-0.510665953159332	-0.00156591983977705	
-0.510972619056702	-0.00163081893697381	
-0.51158607006073	-0.00162750645540655	
-0.512506186962128	-0.00175889953970909	
-0.513119578361511	-0.00176693522371352	
-0.514039695262909	-0.00171399768441916	
-0.514653146266937	-0.00169338705018163	
-0.515266537666321	-0.00167167221661657	
-0.515879929065704	-0.0016928962431848	
-0.516800045967102	-0.00169817160349339	
-0.51741349697113	-0.00171442702412605	
-0.518333613872528	-0.00171252549625933	
-0.518947005271912	-0.00171565392520279	
-0.519253730773926	-0.00173430168069899	
-0.520173847675323	-0.00171994778793305	
-0.520787239074707	-0.00175374688114971	
-0.522014081478119	-0.00175166118424386	
-0.522320806980133	-0.00179527490399778	
-0.522934198379517	-0.0017845401307568	
-0.523854315280914	-0.0017666284693405	
-0.524467706680298	-0.0017907356377691	
-0.524774432182312	-0.00179760588798672	
-0.526001274585724	-0.00180883123539388	
-0.526614665985107	-0.00181864586193115	
-0.527228057384491	-0.0018482122104615	
-0.527841508388519	-0.00184023776091635	
-0.528761625289917	-0.00186354748439044	
-0.529375016689301	-0.00185557315126061	
-0.530295133590698	-0.00187029503285885	
-0.530601859092712	-0.00187949626706541	
-0.53152197599411	-0.00188747060019523	
-0.532442092895508	-0.00188685720786452	
-0.533362209796906	-0.00189973879605532	
-0.533362209796906	-0.0019169143633917	
-0.534589052200317	-0.00191507418639958	
-0.534895718097687	-0.00194942520465702	
-0.535202443599701	-0.00194881181232631	
-0.536429286003113	-0.0019586265552789	
-0.536735951900482	-0.00196046661585569	
-0.53765606880188	-0.00198316294699907	
-0.538576185703278	-0.00197825557552278	
-0.538882911205292	-0.00201199343428016	
-0.540109753608704	-0.00200524576939642	
-0.540416479110718	-0.0020328494720161	
-0.541336596012115	-0.0020218079444021	
-0.541643261909485	-0.00203468953259289	
-0.542870104312897	-0.00205738586373627	
-0.54348349571228	-0.00205002492293715	
-0.544096946716309	-0.00213896972127259	
-0.544710338115692	-0.002113206544891	
-0.545323729515076	-0.00210339180193841	
-0.545937180519104	-0.0021211807616055	
-0.546550571918488	-0.00215430511161685	
-0.546857297420502	-0.00213344907388091	
-0.548084139823914	-0.00214694417081773	
-0.549310922622681	-0.00214878446422517	
-0.549310922622681	-0.00216718669980764	
-0.550231039524078	-0.00216902699321508	
-0.550844490528107	-0.00217516114935279	
-0.551764607429504	-0.00218497565947473	
-0.55145788192749	-0.00217393436469138	
-0.552684724330902	-0.00235305074602365	
-0.5536048412323	-0.00234323623590171	
-0.553911507129669	-0.00232667406089604	
-0.555138349533081	-0.00230152416042984	
-0.556058466434479	-0.00226839981041849	
-0.556365191936493	-0.00229170965030789	
-0.557592034339905	-0.00226103886961937	
-0.557592034339905	-0.00227698753587902	
-0.558512151241302	-0.00230888510122895	
-0.5594322681427	-0.00229600351303816	
-0.560045659542084	-0.00233526178635657	
-0.560659050941467	-0.00232422049157321	
-0.561272501945496	-0.00231379247270525	
-0.562192618846893	-0.00236225198023021	
-0.562806010246277	-0.00236225198023021	
-0.56341940164566	-0.00240396405570209	
-0.564032852649689	-0.0023910824675113	
-0.564952969551086	-0.00237758737057447	
-0.56556636095047	-0.00238985545001924	
-0.566179811954498	-0.00241071148775518	
-0.566486477851868	-0.00240580434910953	
-0.56771332025528	-0.00242175301536918	
-0.568633437156677	-0.002473279600963	
-0.568940162658691	-0.0024603980127722	
-0.569860279560089	-0.00245917122811079	
-0.570473670959473	-0.0024904552847147	
-0.571087062358856	-0.00248370761983097	
-0.571700513362885	-0.00254014157690108	
-0.572620630264282	-0.00251805875450373	
-0.573234021663666	-0.0025156051851809	
-0.574460864067078	-0.00254811602644622	
-0.574154138565063	-0.00256590498611331	
-0.575074255466461	-0.00256590498611331	
-0.576301097869873	-0.00258062686771154	
-0.576607823371887	-0.00258614751510322	
-0.577834606170654	-0.00262479251250625	
-0.578448057174683	-0.00262233894318342	
-0.578754723072052	-0.00264687556773424	
-0.57936817407608	-0.00265975715592504	
-0.580288290977478	-0.00266466452740133	
-0.580901682376862	-0.00267386552877724	
-0.580901682376862	-0.00270514958538115	
-0.582435250282288	-0.00270883017219603	
-0.583048641681671	-0.00272232526913285	
-0.583968758583069	-0.00274624838493764	
-0.584582149982452	-0.00280206883326173	
-0.585195600986481	-0.00281188357621431	
-0.586115717887878	-0.00282905902713537	
-0.586422383785248	-0.00283826026134193	
-0.587342500686646	-0.00289346743375063	
-0.588262617588043	-0.00289346743375063	
-0.588876068592072	-0.00290021486580372	
-0.588876068592072	-0.00295726233161986	
-0.590102851390839	-0.00293885986320674	
-0.590409576892853	-0.00300940242595971	
-0.591636419296265	-0.00299284025095403	
-0.591943144798279	-0.00299406703561544	
-0.592863261699677	-0.00303761940449476	
-0.59347665309906	-0.00303087173961103	
-0.594396770000458	-0.00305418157950044	
-0.595010161399841	-0.00311184232123196	
-0.59562361240387	-0.00309834722429514	
-0.596543729305267	-0.00325722107663751	
-0.596237003803253	-0.00329402578063309	
-0.597770512104034	-0.00326580880209804	
-0.598383963108063	-0.00324065890163183	
-0.599610805511475	-0.00324188568629324	
-0.599917471408844	-0.00326396874152124	
-0.600224196910858	-0.00327501003630459	
-0.601144313812256	-0.00328482477925718	
-0.601757705211639	-0.00331978918984532	
-0.602984547615051	-0.00332285626791418	
-0.602984547615051	-0.00338971824385226	
-0.603904664516449	-0.00338235730305314	
-0.604824781417847	-0.00339339859783649	
-0.605131506919861	-0.00345658021979034	
-0.605744898319244	-0.00346762174740434	
-0.606665015220642	-0.00347436917945743	
-0.607278406620026	-0.00349829229526222	
-0.608505249023438	-0.00352589576505125	
-0.609118700027466	-0.00359091768041253	
-0.609732091426849	-0.00362894916906953	
-0.609732091426849	-0.00363017595373094	
-0.610958933830261	-0.00366391381248832	
-0.611572325229645	-0.00369949173182249	
-0.612492442131042	-0.00372157455421984	
-0.61341255903244	-0.0037387500051409	
-0.61341255903244	-0.00382646801881492	
-0.614332675933838	-0.00382340094074607	
-0.615252792835236	-0.00384977785870433	
-0.615866184234619	-0.00393504230305552	
-0.616479635238647	-0.00394056271761656	
-0.617093026638031	-0.00395221775397658	
-0.617706477642059	-0.00399638339877129	
-0.618626594543457	-0.00401969300583005	
-0.619546711444855	-0.00405772449448705	
-0.619853377342224	-0.00409207586199045	
-0.620466828346252	-0.00413746805861592	
-0.62138694524765	-0.00418531429022551	
-0.622000336647034	-0.00421475851908326	
-0.622920453548431	-0.00424236198887229	
-0.623533844947815	-0.00431229081004858	
-0.624147295951843	-0.00435400288552046	
-0.624760687351227	-0.00438222009688616	
-0.625680804252625	-0.00443129288032651	
-0.625987529754639	-0.0044631902128458	
-0.626907646656036	-0.00452023791149259	
-0.62752103805542	-0.00457053771242499	
-0.628441154956818	-0.00460550235584378	
-0.628747880458832	-0.00465089455246925	
-0.629361271858215	-0.0046969004906714	
-0.630588114261627	-0.00476130889728665	
-0.631201505661011	-0.00479811383411288	
-0.632121622562408	-0.00484473304823041	
-0.632428348064423	-0.00489319255575538	
-0.63334846496582	-0.00493490463122725	
-0.633961856365204	-0.00499072531238198	
-0.634575307369232	-0.00510113965719938	
-0.635188698768616	-0.00512874312698841	
-0.635802149772644	-0.00517720263451338	
-0.637028932571411	-0.00522320857271552	
-0.637335658073425	-0.0052710548043251	
-0.638255774974823	-0.00533239636570215	
-0.638869166374207	-0.00543299596756697	
-0.639789283275604	-0.00549863092601299	
-0.640096008777618	-0.00556058576330543	
-0.641016125679016	-0.00560536468401551	
-0.641936242580414	-0.00564585020765662	
-0.642549633979797	-0.00573479477316141	
-0.641936242580414	-0.00576791912317276	
-0.643163084983826	-0.0058077909052372	
-0.644389927387238	-0.00586667843163013	
-0.645003318786621	-0.00591575168073177	
-0.645923435688019	-0.00598016008734703	
-0.646536827087402	-0.00607094494625926	
-0.646843552589417	-0.00612553860992193	
-0.6474569439888	-0.00618258630856872	
-0.648990511894226	-0.00624699471518397	
-0.648990511894226	-0.00629913434386253	
-0.650217294692993	-0.00637090392410755	
-0.650524020195007	-0.00644451333209872	
-0.651444137096405	-0.00651014875620604	
-0.651444137096405	-0.00657885055989027	
-0.652670979499817	-0.00665246043354273	
-0.652977705001831	-0.00671073468402028	
-0.653591096401215	-0.0067923185415566	
-0.654204487800598	-0.00685918051749468	
-0.655124604701996	-0.00692726904526353	
-0.656351447105408	-0.00701989466324449	
-0.656658172607422	-0.00708184903487563	
-0.65757828950882	-0.00715791247785091	
-0.658191680908203	-0.007240722887218	
-0.658805072307587	-0.00731371901929379	
-0.659111797809601	-0.00739223603159189	
-0.660338640213013	-0.00747381988912821	
-0.660952031612396	-0.0075529501773417	
-0.660952031612396	-0.0076351473107934	
-0.661872148513794	-0.00772470561787486	
-0.663098990917206	-0.00779770174995065	
-0.663712382316589	-0.00788173917680979	
-0.663712382316589	-0.00797436479479074	
-0.664939224720001	-0.00804981403052807	
-0.665859341621399	-0.00813937280327082	
-0.666166067123413	-0.00822709035128355	
-0.667086184024811	-0.00830683391541243	
-0.668006300926209	-0.00839332584291697	
-0.668312966823578	-0.00848288368433714	
-0.668926417827606	-0.00856692157685757	
-0.669846534729004	-0.00866445433348417	
-0.671073377132416	-0.00875953305512667	
-0.671380043029785	-0.00884295720607042	
-0.672300159931183	-0.00893619563430548	
-0.672606885433197	-0.00903556868433952	
-0.672913610935211	-0.00912205968052149	
-0.674447119235992	-0.00922143273055553	
-0.674753844738007	-0.00931651145219803	
-0.675673961639404	-0.00940422993153334	
-0.676287353038788	-0.00951648410409689	
-0.676900744438171	-0.00962015055119991	
-0.677207469940186	-0.00970418844372034	
-0.677820920944214	-0.00981092173606157	
-0.678741037845612	-0.00990661419928074	
-0.679354429244995	-0.0100108943879604	
-0.680274546146393	-0.0101170148700476	
-0.680581271648407	-0.0102127073332667	
-0.681501388549805	-0.0103163737803698	
-0.682114779949188	-0.0104218814522028	
-0.682728171348572	-0.0105224810540676	
-0.6833416223526	-0.0106279877945781	
-0.683648288249969	-0.0107377888634801	
-0.685181856155396	-0.010840842500329	
-0.685795247554779	-0.0109537104144692	
-0.686408698558807	-0.0110714854672551	
-0.687328815460205	-0.0111708585172892	
-0.687635481357574	-0.0112837264314294	
-0.688248932361603	-0.0113978208974004	
-0.688862323760986	-0.0115106888115406	
-0.690089166164398	-0.0116253970190883	
-0.690089166164398	-0.0117394914850593	
-0.691009283065796	-0.0118548134341836	
-0.691622674465179	-0.0119670676067472	
-0.692236065864563	-0.0120897507295012	
-0.693156182765961	-0.0121989380568266	
-0.693769633769989	-0.0123277539387345	
-0.694383025169373	-0.012439395301044	
-0.694996476173401	-0.0125559438019991	
-0.695916593074799	-0.0126786259934306	
-0.696529984474182	-0.0127982422709465	
-0.697143375873566	-0.0129190841689706	
-0.697756826877594	-0.0130436066538095	
-0.697756826877594	-0.0130663029849529	
-0.697143375873566	-0.0129834925755858	
-0.695916593074799	-0.0129135632887483	
-0.695916593074799	-0.0128460880368948	
-0.69530314207077	-0.0127589832991362	
-0.694076299667358	-0.0126767866313457	
-0.693462908267975	-0.0125915221869946	
-0.692542791366577	-0.0125013506039977	
-0.692236065864563	-0.0124222198501229	
-0.691929399967194	-0.0123326620087028	
-0.691009283065796	-0.0122719341889024	
-0.689782440662384	-0.0121786948293447	
-0.689169049263	-0.0120731880888343	
-0.688862323760986	-0.0119860833510756	
-0.688248932361603	-0.0118934586644173	
-0.687328815460205	-0.0117965387180448	
-0.686715364456177	-0.0117217022925615	
-0.685488522052765	-0.0116253970190883	
-0.685181856155396	-0.0115211168304086	
-0.684568405151367	-0.0114327855408192	
-0.684261739253998	-0.011341386474669	
-0.682728171348572	-0.0112426271662116	
-0.682114779949188	-0.0111493887379766	
-0.682114779949188	-0.0110536962747574	
-0.681501388549805	-0.0109561635181308	
-0.680581271648407	-0.0108690587803721	
-0.679661154747009	-0.0107739800587296	
-0.678741037845612	-0.0106795141473413	
-0.678434312343597	-0.0105924103409052	
-0.6775141954422	-0.0104924235492945	
-0.676594078540802	-0.0104047060012817	
-0.676287353038788	-0.0103102400898933	
-0.67536723613739	-0.0102231353521347	
-0.675060510635376	-0.0101298969238997	
-0.673527002334595	-0.0100489258766174	
-0.673220276832581	-0.00995262060314417	
-0.672913610935211	-0.00985876843333244	
-0.671993494033813	-0.00977227743715048	
-0.671686768531799	-0.00968149211257696	
-0.671380043029785	-0.00958825368434191	
-0.669846534729004	-0.00949869491159916	
-0.668926417827606	-0.00941097736358643	
-0.668926417827606	-0.00932203233242035	
-0.667699575424194	-0.0092324735596776	
-0.667086184024811	-0.00914475601166487	
-0.666472733020782	-0.00905765127390623	
-0.665859341621399	-0.00897238682955503	
-0.665245950222015	-0.00889080297201872	
-0.664325833320618	-0.00879204366356134	
-0.663712382316589	-0.00871904753148556	
-0.66340571641922	-0.00863194279372692	
-0.662178874015808	-0.0085411574691534	
-0.66125875711441	-0.00846570823341608	
-0.660952031612396	-0.00838105753064156	
-0.660645365715027	-0.00829517934471369	
-0.659418523311615	-0.00822340976446867	
-0.659111797809601	-0.00812955759465694	
-0.658498406410217	-0.00804368034005165	
-0.65757828950882	-0.00796454958617687	
-0.656658172607422	-0.00788848660886288	
-0.656658172607422	-0.00780322263017297	
-0.655738055706024	-0.00773329334333539	
-0.655124604701996	-0.00764986919239163	
-0.654204487800598	-0.00757441949099302	
-0.653591096401215	-0.00750019680708647	
-0.652670979499817	-0.0074173859320581	
-0.652057588100433	-0.00734438979998231	
-0.651444137096405	-0.00726832682266831	
-0.650830745697021	-0.00719839753583074	
-0.649910628795624	-0.0071204942651093	
-0.64960390329361	-0.00704995170235634	
-0.648377060890198	-0.00696652755141258	
-0.648070394992828	-0.00690825330093503	
-0.647150278091431	-0.00682973675429821	
-0.646230161190033	-0.00675674062222242	
-0.645616710186005	-0.00669417250901461	
-0.644696593284607	-0.00662301667034626	
-0.644389927387238	-0.00658805202692747	
-0.644083201885223	-0.00651750946417451	
-0.642856359481812	-0.00643040472641587	
-0.642549633979797	-0.00636292947456241	
-0.6416295170784	-0.00628932006657124	
-0.6416295170784	-0.0062463809736073	
-0.639789283275604	-0.00616725068539381	
-0.639482617378235	-0.0060918009839952	
-0.638869166374207	-0.00602432573214173	
-0.638255774974823	-0.00598568050190806	
-0.637335658073425	-0.00591023080050945	
-0.637335658073425	-0.00583355454728007	
-0.636108815670013	-0.00577098643407226	
-0.635188698768616	-0.00570412445813417	
-0.634575307369232	-0.00563971605151892	
-0.634268581867218	-0.00558818923309445	
-0.633041739463806	-0.00555506488308311	
-0.632735073566437	-0.00547900190576911	
-0.632121622562408	-0.00541398022323847	
-0.631201505661011	-0.00536368042230606	
-0.630588114261627	-0.00528884399682283	
-0.629974722862244	-0.00523179629817605	
-0.629054605960846	-0.00518701737746596	
-0.628747880458832	-0.00512138241901994	
-0.628134489059448	-0.0050723091699183	
-0.626907646656036	-0.00501035433262587	
-0.626294255256653	-0.00495269382372499	
-0.626294255256653	-0.00489748641848564	
-0.625067412853241	-0.0048514804802835	
-0.624760687351227	-0.00481099542230368	
-0.623840570449829	-0.00475333444774151	
-0.622920453548431	-0.00470180809497833	
-0.622000336647034	-0.0046398532576859	
-0.62169361114502	-0.00459446059539914	
-0.620466828346252	-0.00453802663832903	
-0.619853377342224	-0.00449263444170356	
-0.619239985942841	-0.00444294791668653	
-0.619239985942841	-0.00439448840916157	
-0.618319869041443	-0.0043809930793941	
-0.617093026638031	-0.00432885298505425	
-0.616786360740662	-0.00426567159593105	
-0.616479635238647	-0.00421414477750659	
-0.615866184234619	-0.00415832409635186	
-0.614332675933838	-0.0041159987449646	
-0.613719284534454	-0.00408962229266763	
-0.61341255903244	-0.00403502816334367	
-0.612799167633057	-0.00398288806900382	
-0.611572325229645	-0.00394178973510861	
-0.610958933830261	-0.0038871958386153	
-0.610345482826233	-0.00385345821268857	
-0.609732091426849	-0.00381481321528554	
-0.608811974525452	-0.00377187435515225	
-0.608505249023438	-0.00373568292707205	
-0.607278406620026	-0.00372709520161152	
-0.606971740722656	-0.00367986247874796	
-0.606358289718628	-0.00363140273839235	
-0.605744898319244	-0.00358232972212136	
-0.604518055915833	-0.00354368472471833	
-0.603904664516449	-0.00351178739219904	
-0.603597939014435	-0.00347068859264255	
-0.602984547615051	-0.00346026080660522	
-0.602064430713654	-0.00340505363419652	
-0.601144313812256	-0.00336334155872464	
-0.600530922412872	-0.00332653662189841	
-0.599917471408844	-0.00329034542664886	
-0.59930408000946	-0.0032431127037853	
-0.598383963108063	-0.00320937484502792	
-0.598077237606049	-0.00317809078842402	
-0.597463846206665	-0.00313821900635958	
-0.596543729305267	-0.0031136826146394	
-0.59562361240387	-0.00311490939930081	
-0.595316886901855	-0.00306399608962238	
-0.594703495502472	-0.00302044372074306	
-0.593783378601074	-0.0029860925860703	
-0.593169927597046	-0.00295112817548215	
-0.591943144798279	-0.00292475149035454	
-0.59132969379425	-0.00291555025614798	
-0.591023027896881	-0.00287629174999893	
-0.589796185493469	-0.0028376467525959	
-0.589489459991455	-0.0028045226354152	
-0.588876068592072	-0.00277323857881129	
-0.588262617588043	-0.00274747516959906	
-0.58764922618866	-0.00272784591652453	
-0.586729109287262	-0.00270146923139691	
-0.586115717887878	-0.00266773160547018	
-0.58550226688385	-0.00263644754886627	
-0.584888875484467	-0.00260700355283916	
-0.583662033081055	-0.00258737453259528	
-0.583355367183685	-0.00256099761463702	
-0.582741916179657	-0.00255915755406022	
-0.581821799278259	-0.00253094057552516	
-0.581208407878876	-0.00253768800757825	
-0.580288290977478	-0.00251192459836602	
-0.580288290977478	-0.00249290885403752	
-0.579061448574066	-0.00245303707197309	
-0.578448057174683	-0.00241561885923147	
-0.577834606170654	-0.00239967019297183	
-0.577221214771271	-0.00237329350784421	
-0.575994372367859	-0.0023420094512403	
-0.575380980968475	-0.00234814360737801	
-0.575074255466461	-0.00231317896395922	
-0.574460864067078	-0.00228373520076275	
-0.573847472667694	-0.00226594624109566	
-0.572620630264282	-0.00222730124369264	
-0.572620630264282	-0.00220031104981899	
-0.571700513362885	-0.00218190858140588	
-0.570473670959473	-0.00218865624628961	
-0.570166945457459	-0.00218436238355935	
-0.569553554058075	-0.00216105254366994	
-0.568633437156677	-0.00214939774014056	
-0.568020045757294	-0.0021211807616055	
-0.567406594753265	-0.00208928342908621	
-0.566793203353882	-0.00206352001987398	
-0.565873086452484	-0.00207946868613362	
-0.564952969551086	-0.00204818462952971	
-0.564339518547058	-0.0020089263562113	
-0.564032852649689	-0.00197825557552278	
-0.56341940164566	-0.00197457522153854	
-0.562192618846893	-0.00194574473425746	
-0.561579167842865	-0.00192366191186011	
-0.560659050941467	-0.00190648634452373	
-0.560045659542084	-0.00190771324560046	
-0.5594322681427	-0.00188624369911849	
-0.558818817138672	-0.00186722795479	
-0.558205425739288	-0.00184146466199309	
-0.557898700237274	-0.00181018060538918	
-0.556365191936493	-0.0017991391941905	
-0.555751740932465	-0.00177766976412386	
-0.555445075035095	-0.00178687088191509	
-0.554524958133698	-0.00180956721305847	
-0.554218232631683	-0.00179975258652121	
-0.5536048412323	-0.00175926729571074	
-0.552377998828888	-0.00172859674785286	
-0.552071273326874	-0.00169976626057178	
-0.551151156425476	-0.00168320420198143	
-0.550537765026093	-0.00166234816424549	
-0.549924373626709	-0.00167584326118231	
-0.549310922622681	-0.00164639938157052	
-0.547777414321899	-0.00167338957544416	
-0.547777414321899	-0.00164394569583237	
-0.546857297420502	-0.00161695561837405	
-0.546857297420502	-0.00159732636529952	
-0.54563045501709	-0.00159303250256926	
-0.545323729515076	-0.00156052166130394	
-0.544710338115692	-0.001539665623568	
-0.543790221214294	-0.00152003637049347	
-0.542870104312897	-0.0015034741954878	
-0.542563378810883	-0.00151267542969435	
-0.541643261909485	-0.00148016458842903	
-0.540723145008087	-0.00146605609916151	
-0.540109753608704	-0.00145133421756327	
-0.538882911205292	-0.0014353854348883	
-0.538882911205292	-0.00143231835681945	
-0.53765606880188	-0.00141943665221334	
-0.537042677402496	-0.00148507184349	
-0.536429286003113	-0.00147709751036018	
-0.535815834999084	-0.00143415865022689	
-0.535509169101715	-0.00140655506402254	
-0.533975601196289	-0.00138177338521928	
-0.533975601196289	-0.00136656069662422	
-0.533362209796906	-0.00136760354507715	
-0.532442092895508	-0.00134122674353421	
-0.531828701496124	-0.00135889311786741	
-0.531215250492096	-0.00134184025228024	
-0.530601859092712	-0.00131742644589394	
-0.529375016689301	-0.00133809843100607	
-0.528761625289917	-0.00130982010159642	
-0.528148174285889	-0.00128056027460843	
-0.527534782886505	-0.00126412080135196	
-0.527228057384491	-0.00123982969671488	
-0.526307940483093	-0.00122602784540504	
-0.52569454908371	-0.00121578387916088	
-0.524467706680298	-0.00126307806931436	
-0.524161040782928	-0.00123688532039523	
-0.5235475897789	-0.00127086834982038	
-0.522627472877502	-0.001247190637514	
-0.521400630474091	-0.00122167263180017	
-0.521093964576721	-0.00119057262782007	
-0.520480513572693	-0.00116664951201528	
-0.519867122173309	-0.00115867517888546	
-0.518640279769897	-0.00113383191637695	
-0.518333613872528	-0.00114610022865236	
-0.5177201628685	-0.00118726026266813	
-0.516493380069733	-0.0011419290676713	
-0.515879929065704	-0.00111751514486969	
-0.515879929065704	-0.00109659787267447	
-0.514959812164307	-0.0011359789641574	
-0.514346420764923	-0.00110911147203296	
-0.51373302936554	-0.00111211719922721	
-0.512812852859497	-0.00107537372969091	
-0.512199461460114	-0.00104151340201497	
-0.511279344558716	-0.00104071595706046	
-0.510665953159332	-0.00102556461934	
-0.509745836257935	-0.00101121072657406	
-0.50943911075592	-0.00106298283208162	
-0.508825719356537	-0.00111107435077429	
-0.507905602455139	-0.00108929816633463	
-0.507292151451111	-0.00104856758844107	
-0.506372034549713	-0.00101452320814133	
-0.50575864315033	-0.000986183527857065	
-0.505145251750946	-0.000979006639681757	
-0.504838526248932	-0.000956555712036788	
-0.50361168384552	-0.000971338944509625	
-0.503304958343506	-0.00105255481321365	
-0.502691566944122	-0.00102421513292938	
-0.501771450042725	-0.000996488844975829	
-0.501158058643341	-0.000965327490121126	
-0.500544607639313	-0.000957414507865906	
-0.499317795038223	-0.000931835151277483	
-0.49870440363884	-0.000888098846189678	
-0.498090982437134	-0.00095753715140745	
-0.497170865535736	-0.000928952125832438	
-0.496864140033722	-0.00102685275487602	
-0.495944023132324	-0.000977779738605022	
-0.495330631732941	-0.000928216031752527	
-0.494717210531235	-0.000900735147297382	
-0.493797093629837	-0.000906562549062073	
-0.493183672428131	-0.000882762193214148	
-0.492570251226425	-0.00100323639344424	
-0.491650134325027	-0.000966431631240994	
-0.491650134325027	-0.000917358614969999	
-0.490423321723938	-0.000919137557502836	
-0.48950320482254	-0.000880676554515958	
-0.489196479320526	-0.000843626447021961	
-0.488276362419128	-0.000952691189013422	
-0.487356245517731	-0.000946863787248731	
-0.487356245517731	-0.000889387039933354	
-0.486129432916641	-0.000846570823341608	
-0.485209316015244	-0.000840988766867667	
-0.484902590513229	-0.000826450879685581	
-0.484289199113846	-0.00091367814457044	
-0.483062356710434	-0.000880369858350605	
-0.48244896531105	-0.000883130240254104	
-0.481528848409653	-0.000834977312479168	
-0.481528848409653	-0.000786947086453438	
-0.480608701705933	-0.000880676554515958	
-0.479688584804535	-0.000855403952300549	
-0.479075193405151	-0.000817924446891993	
-0.478461772203445	-0.000789646117482334	
-0.47784835100174	-0.000767133897170424	
-0.477541655302048	-0.000797988555859774	
-0.47662153840065	-0.000845037284307182	
-0.475701421499252	-0.000828475167509168	
-0.475394695997238	-0.000778113957494497	
-0.47447457909584	-0.000743762822821736	
-0.473247766494751	-0.000703277590218931	
-0.472941070795059	-0.000836940249428153	
-0.472327649593353	-0.000792222446762025	
-0.471100807189941	-0.000752043910324574	
-0.471100807189941	-0.0007164659909904	
-0.469873994588852	-0.000709534448105842	
-0.46956729888916	-0.000798479246441275	
-0.468647181987762	-0.000753332104068249	
-0.468033760786057	-0.000731985317543149	
-0.467420339584351	-0.00068420049501583	
-0.466500222682953	-0.00064500339794904	
-0.466193526983261	-0.000682360259816051	
-0.464966684579849	-0.0007781753083691	
-0.464659988880157	-0.000740266405045986	
-0.46373987197876	-0.00068837171420455	
-0.463433146476746	-0.000703522993717343	
-0.462206333875656	-0.000668497115839273	
-0.46159291267395	-0.000749222235754132	
-0.460979521274567	-0.000745541765354574	
-0.460059404373169	-0.000721311953384429	
-0.459445983171463	-0.000664141902234405	
-0.458832561969757	-0.000631447008345276	
-0.458219140768051	-0.000697634241078049	
-0.457605749368668	-0.000675796705763787	
-0.456992328166962	-0.000631569651886821	
-0.456378906965256	-0.000608198635745794	
-0.455458790063858	-0.000646352942567319	
-0.455152094364166	-0.000637458404526114	
-0.45453867316246	-0.000603291322477162	
-0.453311860561371	-0.000567161361686885	
-0.452698439359665	-0.000681992212776095	
-0.451778322458267	-0.000655983516480774	
-0.451164901256561	-0.000611388415563852	
-0.450551480054855	-0.000636845012195408	
-0.449631363153458	-0.000639298697933555	
-0.449324667453766	-0.000615007535088807	
-0.448404550552368	-0.000583416782319546	
-0.448097854852676	-0.000670766748953611	
-0.446871012449265	-0.000636599666904658	
-0.446257591247559	-0.000598813407123089	
-0.445644199848175	-0.000640096084680408	
-0.444724082946777	-0.000602616579271853	
-0.444417357444763	-0.000582373992074281	
-0.443497240543365	-0.00056262209545821	
-0.442577123641968	-0.000564462330657989	
-0.44165700674057	-0.000634023337624967	
-0.441043585538864	-0.000593292701523751	
-0.440736889839172	-0.000737935421057045	
-0.439816772937775	-0.000696959439665079	
-0.439510077238083	-0.000644083309452981	
-0.438896656036377	-0.000623349915258586	
-0.438283234834671	-0.000580656400416046	
-0.437056422233582	-0.000667392974719405	
-0.436749696731567	-0.000633839285001159	
-0.435522884130478	-0.000598690763581544	
-0.435216188430786	-0.00056262209545821	
-0.434296071529388	-0.000642856466583908	
-0.433682650327683	-0.000620650942437351	
-0.432762533426285	-0.000560413813218474	
-0.432762533426285	-0.000680581317283213	
-0.431842416524887	-0.00064175232546404	
-0.431228995323181	-0.000596359779592603	
-0.430002182722092	-0.00059605308342725	
-0.429695457220078	-0.000551703327801079	
-0.42877534031868	-0.000610774965025485	
-0.428161919116974	-0.000559432315640152	
-0.42754852771759	-0.000561640597879887	
-0.426628410816193	-0.000660338730085641	
-0.426014989614487	-0.000633839285001159	
-0.425708293914795	-0.000608812086284161	
-0.425094872713089	-0.000557776133064181	
-0.423868030309677	-0.000528025615494698	
-0.423561334609985	-0.000623779313173145	
-0.422641217708588	-0.00055753078777343	
-0.42172110080719	-0.000519192486535758	
-0.420800983905792	-0.000645984895527363	
-0.420494258403778	-0.000620773585978895	
-0.41957414150238	-0.000613535346928984	
-0.418960750102997	-0.00059071637224406	
-0.418347328901291	-0.000547961506526917	
-0.418040633201599	-0.000621448387391865	
-0.417120516300201	-0.000565382419154048	
-0.416200399398804	-0.00053943507373333	
-0.415586978197098	-0.000620528240688145	
-0.4146668612957	-0.00057538109831512	
-0.4146668612957	-0.000570167088881135	
-0.413133323192596	-0.000528455013409257	
-0.413133323192596	-0.000555261154659092	
-0.412213206291199	-0.000531031342688948	
-0.410986363887787	-0.000591268471907824	
-0.410679668188095	-0.000697266194038093	
-0.409759551286697	-0.000682176207192242	
-0.409452855587006	-0.000629422720521688	
-0.408532738685608	-0.000573418161366135	
-0.40761262178421	-0.000656719610560685	
-0.407305896282196	-0.00061414873925969	
-0.406385779380798	-0.000585747766308486	
-0.405772358179092	-0.00065218034433201	
-0.405465662479401	-0.000617706566117704	
-0.404238849878311	-0.000586238456889987	
-0.403625428676605	-0.00055519980378449	
-0.403012007474899	-0.000592986005358398	
-0.402091890573502	-0.000574338249862194	
-0.401478469371796	-0.000593476754147559	
-0.400558352470398	-0.000564769026823342	
-0.400251656770706	-0.00053918972844258	
-0.399638235569	-0.000598568061832339	
-0.399024844169617	-0.000675919407512993	
-0.398411422967911	-0.000627889181487262	
-0.397184580564499	-0.000584152876399457	
-0.396877884864807	-0.000573295459616929	
-0.395651072263718	-0.000635495525784791	
-0.39473095536232	-0.000596298428718001	
-0.39473095536232	-0.000578325474634767	
-0.393504112958908	-0.000526798772625625	
-0.393197417259216	-0.000609548180364072	
-0.392277300357819	-0.000576239835936576	
-0.391970574855804	-0.000536367995664477	
-0.390743762254715	-0.000613842043094337	
-0.390130341053009	-0.000580595049541444	
-0.389823645353317	-0.000570412434171885	
-0.388596802949905	-0.000544465088751167	
-0.387983411550522	-0.000503918505273759	
-0.387676686048508	-0.000577896076720208	
-0.38675656914711	-0.000577896076720208	
-0.385529756546021	-0.000544710434041917	
-0.385529756546021	-0.000538760330528021	
-0.384916335344315	-0.00050532934255898	
-0.384302914142609	-0.000584582274314016	
-0.383689522743225	-0.000555629201699048	
-0.382769405841827	-0.000531706085894257	
-0.382155984640121	-0.000512567639816552	
-0.38092914223671	-0.000506188138388097	
-0.380622446537018	-0.000561149907298386	
-0.380315750837326	-0.000558205530978739	
-0.379088908433914	-0.000538146938197315	
-0.378475517034531	-0.000527228170540184	
-0.377555400133133	-0.000494226580485702	
-0.376941978931427	-0.00055845087626949	
-0.376635253429413	-0.000544649083167315	
-0.375715136528015	-0.000517290900461376	
-0.375408440828323	-0.000492754392325878	
-0.37387490272522	-0.000479136622743681	
-0.373568207025528	-0.000447913917014375	
-0.37264809012413	-0.00055569049436599	
-0.37264809012413	-0.000514714571181685	
-0.372034668922424	-0.000496496213600039	
-0.370807856321335	-0.000493919884320349	
-0.369887739419937	-0.000465580204036087	
-0.369581013917923	-0.000520787318237126	
-0.368660897016525	-0.000501035479828715	
-0.368047475814819	-0.000496864260639995	
-0.36682066321373	-0.000473186519229785	
-0.36682066321373	-0.000439019437180832	
-0.366207242012024	-0.000513855775352567	
-0.364980429410934	-0.000498949841130525	
-0.364367008209229	-0.000487785728182644	
-0.363753587007523	-0.000477971130749211	
-0.363140195608139	-0.000460611568996683	
-0.362833470106125	-0.000508212368004024	
-0.361606657505035	-0.000503673101775348	
-0.360686540603638	-0.000480118091218174	
-0.360686540603638	-0.000461163639556617	
-0.35976642370224	-0.000446135032689199	
-0.358846306800842	-0.000499624584335834	
-0.358232885599136	-0.000483369163703173	
-0.35761946439743	-0.000477664434583858	
-0.357006072998047	-0.000458219234133139	
-0.356392651796341	-0.0004308610514272	
-0.355472534894943	-0.000470180792035535	
-0.354552417993546	-0.000484657328343019	
-0.354245692491531	-0.000460795592516661	
-0.353632301092148	-0.000439694180386141	
-0.352098762989044	-0.000437179201981053	
-0.351485341787338	-0.000476498942589387	
-0.351178646087646	-0.000584030174650252	
-0.350258529186249	-0.000554831756744534	
-0.349645107984543	-0.000531276687979698	
-0.349338412284851	-0.000510850048158318	
-0.348724991083145	-0.000473861262435094	
-0.347804874181747	-0.000550353841390461	
-0.34688475728035	-0.000515634659677744	
-0.346271336078644	-0.000494410574901849	
-0.345657914876938	-0.000455581583082676	
-0.344431102275848	-0.00046288117300719	
-0.344124406576157	-0.000520235276781023	
-0.343510985374451	-0.000493306433781981	
-0.342590868473053	-0.000493306433781981	
-0.342284142971039	-0.000468953978270292	
-0.341057330369949	-0.000450612918939441	
-0.340443909168243	-0.000498643144965172	
-0.33983051776886	-0.00049465597840026	
-0.339523792266846	-0.000467604462755844	
-0.338603675365448	-0.000444233446614817	
-0.337990254163742	-0.000442577234935015	
-0.33768355846405	-0.000421966571593657	
-0.336150020360947	-0.000514469167683274	
-0.336150020360947	-0.000493061088491231	
-0.335229903459549	-0.00046564155491069	
-0.334003090858459	-0.000451533036539331	
-0.333696365356445	-0.0004231933853589	
-0.332469552755356	-0.000492877035867423	
-0.332162857055664	-0.000474536034744233	
-0.331242740154266	-0.000453679997008294	
-0.33062931895256	-0.00043061567703262	
-0.330322623252869	-0.000442577234935015	
-0.330015897750854	-0.000412642693845555	
-0.328789085149765	-0.000461654359241948	
-0.328175663948059	-0.000443190627265722	
-0.327562242746353	-0.00044987682485953	
-0.32694885134697	-0.000434664194472134	
-0.325722008943558	-0.000411293178331107	
-0.32480189204216	-0.00039650994585827	
-0.325108587741852	-0.000432517263107002	
-0.323881775140762	-0.000432639935752377	
-0.322961658239365	-0.000418224750319496	
-0.322348237037659	-0.000435338966781273	
-0.322041541337967	-0.000424665573518723	
-0.321121424436569	-0.000405465747462586	
-0.320201307535172	-0.000441595766460523	
-0.319587886333466	-0.000432333239587024	
-0.319281190633774	-0.000429388863267377	
-0.318361073732376	-0.000416875234805048	
-0.317440956830978	-0.000403748214012012	
-0.316520810127258	-0.000392645422834903	
-0.316214114427567	-0.000373752322047949	
-0.316214114427567	-0.000397184689063579	
-0.314680576324463	-0.000378414260922	
-0.314373880624771	-0.000380009121727198	
-0.313147068023682	-0.00036657540476881	
-0.312226921319962	-0.000396632618503645	
-0.31192022562027	-0.000408962223445997	
-0.311306804418564	-0.000398656877223402	
-0.31069341301918	-0.000384671060601249	
-0.309466570615768	-0.000370133173419163	
-0.308853179216385	-0.000359521160135046	
-0.308546453714371	-0.000350933376466855	
-0.307626336812973	-0.000382401427486911	
-0.307012915611267	-0.000370685273082927	
-0.306092798709869	-0.000361545418854803	
-0.305786103010178	-0.000344737898558378	
-0.305172681808472	-0.000345964741427451	
-0.304252564907074	-0.000345351319992915	
-0.303639143705368	-0.000333328440319747	
-0.30271902680397	-0.000379150355001912	
-0.302105635404587	-0.000371175992768258	
-0.301185518503189	-0.000365532585419714	
-0.300878793001175	-0.000347130204318091	
-0.299958676099777	-0.000355656637111679	
-0.299345254898071	-0.000338358397129923	
-0.29903855919838	-0.000334187207045034	
-0.298425137996674	-0.000321734929457307	
-0.297505021095276	-0.000315416778903455	
-0.296278208494186	-0.000303332548355684	
-0.29566478729248	-0.000346823508152738	
-0.295358091592789	-0.000339155842084438	
-0.294437974691391	-0.000332162948325276	
-0.294131249189377	-0.000322593696182594	
-0.293211132287979	-0.000314128614263609	
-0.292291015386581	-0.000307565089315176	
-0.291677623987198	-0.000302289758110419	
-0.290757477283478	-0.000294928788207471	
-0.290450781583786	-0.00030370059539564	
-0.290144085884094	-0.000285604910459369	
-0.289223968982697	-0.000302289758110419	
-0.288303852081299	-0.000300020124996081	
-0.287077009677887	-0.000306767644360662	
-0.286463588476181	-0.000302473781630397	
-0.286463588476181	-0.00029627830372192	
-0.285236775875092	-0.00028235383797437	
-0.285236775875092	-0.000282905908534303	
-0.284009963274002	-0.00028793589444831	
-0.283089846372604	-0.000269410811597481	
-0.282476425170898	-0.000308362534269691	
-0.281863003969193	-0.000300142797641456	
-0.281556308269501	-0.000284132722299546	
-0.280329465866089	-0.000277507875580341	
-0.279716074466705	-0.000275606289505959	
-0.279409348964691	-0.000264687550952658	
-0.278489232063293	-0.000270944350631908	
-0.277569115161896	-0.000263215362792835	
-0.27695569396019	-0.000262540590483695	
-0.276342302560806	-0.000254320882959291	
-0.2757288813591	-0.000254443555604666	
-0.274808764457703	-0.000243402129854076	
-0.273888647556305	-0.000247082614805549	
-0.273275226354599	-0.000237942760577425	
-0.273275226354599	-0.000237145315622911	
-0.272355109453201	-0.000260823057033122	
-0.271741688251495	-0.000253339414484799	
-0.270821571350098	-0.000243402129854076	
-0.270208179950714	-0.000249781616730616	
-0.268981337547302	-0.00024002835561987	
-0.26867464184761	-0.000233280821703374	
-0.267754524946213	-0.00023469167354051	
-0.266834408044815	-0.000229600336751901	
-0.265914291143417	-0.000221809998038225	
-0.266220986843109	-0.000224754388909787	
-0.264994144439697	-0.000218252214835957	
-0.264380753040314	-0.00021463306620717	
-0.263767331838608	-0.000216166605241597	
-0.263460636138916	-0.000208682977245189	
-0.262233793735504	-0.000206781391170807	
-0.261313676834106	-0.00020475713245105	
-0.260700255632401	-0.000200279217096977	
-0.260700255632401	-0.000203223593416624	
-0.259166747331619	-0.00022168732539285	
-0.259166747331619	-0.000202364812139422	
-0.257633209228516	-0.000210155165405013	
-0.257939904928207	-0.000198132271179929	
-0.256713092327118	-0.000199665810214356	
-0.256406366825104	-0.000199236412299797	
-0.255486249923706	-0.000189605838386342	
-0.254566133022308	-0.000193102285265923	
-0.254259437322617	-0.000192182167666033	
-0.253339320421219	-0.000182674266397953	
-0.252419203519821	-0.000193715706700459	
-0.251499086618423	-0.00018678413471207	
-0.250578969717026	-0.000169976628967561	
-0.24996554851532	-0.000178748436155729	
-0.249658837914467	-0.000170467363204807	
-0.249045431613922	-0.000169915292644873	
-0.248432010412216	-0.000172614309121855	
-0.247511893510818	-0.000167093588970602	
-0.246898487210274	-0.000163229095051065	
-0.246285066008568	-0.000166112135048024	
-0.245671659708023	-0.000164210548973642	
-0.245058253407478	-0.000158260445459746	
-0.244138121604919	-0.000162861048011109	
-0.243524715304375	-0.000155316069140099	
-0.242604598402977	-0.000152371692820452	
-0.241991177201271	-0.000150286083226092	
-0.241377770900726	-0.000148077800986357	
-0.240764364600182	-0.000152003631228581	
-0.240150943398476	-0.000147034996189177	
-0.239230826497078	-0.000144704026752152	
-0.23831070959568	-0.000146666949149221	
-0.23831070959568	-0.000141820986755192	
-0.237390592694283	-0.000138079165481031	
-0.236163765192032	-0.000137711147544906	
-0.236470475792885	-0.000141477503348142	
-0.234936937689781	-0.000136030386784114	
-0.234323531389236	-0.000139937837957405	
-0.233403399586678	-0.000127583698485978	
-0.233096703886986	-0.000132196568301879	
-0.231869876384735	-0.00012914789840579	
-0.231869876384735	-0.00013074891467113	
-0.230643048882484	-0.000126056300359778	
-0.23002964258194	-0.00013133164611645	
-0.229109510779381	-0.00012313031766098	
-0.228496104478836	-0.000125810940517113	
-0.227882698178291	-0.000124166996101849	
-0.227575987577438	-0.000119173811981454	
-0.226962566375732	-0.00012024115130771	
-0.226042449474335	-0.000122903365991078	
-0.225122332572937	-0.000116830575279891	
-0.224815621972084	-0.000116959396109451	
-0.223588809370995	-0.000117628012958448	
-0.223588809370995	-0.000109346940007526	
-0.222361981868744	-0.000115560811536852	
-0.221748560667038	-0.000111990753794089	
-0.22082844376564	-0.000111457084130961	
-0.220215037465096	-0.000111450950498693	
-0.219908326864243	-0.000110395878436975	
-0.219294920563698	-0.00010775207192637	
-0.218374788761139	-0.000110862070869189	
-0.217454671859741	-0.000106887157016899	
-0.217147976160049	-0.000106936233351007	
-0.216227844357491	-0.000110622837382834	
-0.215307727456093	-0.000105408835224807	
-0.215001031756401	-0.000102403108030558	
-0.214387610554695	-0.000106997569673695	
-0.213160783052444	-0.00010487516556168	
-0.2125473767519	-0.00010395504796179	
-0.211933955550194	-0.000103169877547771	
-0.211627259850502	-0.000102685276942793	
-0.210707142949104	-9.84834041446447E-05	
-0.209787011146545	-9.87594394246116E-05	
-0.209480315446854	-0.000100102814030834	
-0.208560198545456	-9.44655475905165E-05	
-0.208253487944603	-9.81398916337639E-05	
-0.207640066742897	-9.51280380832031E-05	
-0.206106543540955	-9.63732672971673E-05	
-0.205799832940102	-9.06194545677863E-05	
-0.205186426639557	-9.79251999524422E-05	
-0.204266309738159	-9.35699645197019E-05	
-0.203652888536453	-9.65020808507688E-05	
-0.202426061034203	-9.31160393520258E-05	
-0.201812654733658	-9.21591199585237E-05	
-0.201505944132805	-9.3128313892521E-05	
-0.20089253783226	-9.6066556579899E-05	
-0.20089253783226	-9.26989232539199E-05	
-0.199358999729156	-9.20241654966958E-05	
-0.199052289128304	-9.29872257984243E-05	
-0.197825476527214	-9.10120361368172E-05	
-0.197212055325508	-9.20916427276097E-05	
-0.196598649024963	-9.11960596567951E-05	
-0.195678532123566	-8.98036159924231E-05	
-0.19506511092186	-9.18401419767179E-05	
-0.194144994020462	-9.10979142645374E-05	
-0.193838283419609	-8.91472591320053E-05	
-0.192918166518211	-9.44042112678289E-05	
-0.192611455917358	-8.54974568937905E-05	
-0.191691339015961	-8.60004583955742E-05	
-0.190771222114563	-8.62580855027772E-05	
-0.19046451151371	-9.12267278181389E-05	
-0.189544394612312	-8.50680662551895E-05	
-0.188930988311768	-9.01655294001102E-05	
-0.188317567110062	-9.04967673704959E-05	
-0.187397450208664	-8.96441270015202E-05	
-0.187090754508972	-8.42031586216763E-05	
-0.186477333307266	-9.12328687263653E-05	
-0.185557216405869	-8.81351297721267E-05	
-0.184637099504471	-8.86013222043402E-05	
-0.183716982603073	-9.24351552384906E-05	
-0.18341027200222	-8.87608111952432E-05	
-0.182183444499969	-8.77977581694722E-05	
-0.181876733899117	-8.74174365890212E-05	
-0.181263327598572	-8.7711880041752E-05	
-0.180649921298027	-8.47981646074913E-05	
-0.179729789495468	-9.67229061643593E-05	
-0.179116383194923	-8.68346978677437E-05	
-0.178196266293526	-8.87117421370931E-05	
-0.177889555692673	-9.1380083176773E-05	
-0.17635603249073	-9.18646837817505E-05	
-0.176049321889877	-8.67426861077547E-05	
-0.175742611289024	-8.96993369678967E-05	
-0.174822494387627	-8.94785043783486E-05	
-0.174209088087082	-8.90184455784038E-05	
-0.173595666885376	-8.75278565217741E-05	
-0.172982260584831	-9.03924883459695E-05	
-0.172062143683434	-8.45957401907071E-05	
-0.171448722481728	-9.02329993550666E-05	
-0.170835316181183	-9.0171663032379E-05	
-0.169915199279785	-8.61906155478209E-05	
-0.169608488678932	-8.96993369678967E-05	
-0.168995067477226	-8.95705161383376E-05	
-0.168074950575829	-8.80553852766752E-05	
-0.167154833674431	-8.846637501847E-05	
-0.167154833674431	-9.18033401831053E-05	
-0.165621310472488	-8.69941868586466E-05	
-0.165007889270782	-9.03556865523569E-05	
-0.16470117866993	-8.70125877554528E-05	
-0.163781061768532	-8.93926262506284E-05	
-0.163167655467987	-9.04415646800771E-05	
-0.162247538566589	-9.41220423555933E-05	
-0.161634117364883	-8.91411254997365E-05	
-0.161020711064339	-8.82884851307608E-05	
-0.160100594162941	-9.16009157663211E-05	
-0.15887376666069	-9.27664004848339E-05	
-0.15887376666069	-8.62458182382397E-05	
-0.158567056059837	-9.22817998798564E-05	
-0.157953649759293	-9.16929275263101E-05	
-0.156726822257042	-8.99815058801323E-05	
-0.155806705355644	-9.26621141843498E-05	
-0.155499994754791	-8.82516833371483E-05	
-0.154886588454247	-8.67917551659048E-05	
-0.153659760951996	-8.70555231813341E-05	
-0.153353050351143	-9.29381494643167E-05	
-0.152739644050598	-8.76260019140318E-05	
-0.151512816548347	-9.05887791304849E-05	
-0.150899395346642	-9.02514075278305E-05	
-0.149979278445244	-9.05090419109911E-05	
-0.149979278445244	-8.63869063323364E-05	
-0.149059161543846	-9.24412888707593E-05	
-0.148445755243301	-8.58655039337464E-05	
-0.147832334041595	-9.18462756089866E-05	
-0.146912217140198	-8.79817816894501E-05	
-0.146298810839653	-8.7619868281763E-05	
-0.145685389637947	-8.94355689524673E-05	
-0.144765272736549	-9.21652535907924E-05	
-0.143845155835152	-8.76873382367194E-05	
-0.143538445234299	-9.06746572582051E-05	
-0.142618328332901	-9.53733979258686E-05	
-0.142618328332901	-9.39993551583029E-05	
-0.141698211431503	-8.96318597369827E-05	
-0.140778094530106	-9.02452738955617E-05	
-0.139857977628708	-8.97790741873905E-05	
-0.139244556427002	-8.60740619827993E-05	
-0.138631150126457	-9.16254502953961E-05	
-0.137404322624207	-8.76014601089992E-05	
-0.137404322624207	-8.59452484291978E-05	
-0.136177495121956	-9.19628291740082E-05	
-0.135870784521103	-9.42815240705386E-05	
-0.135257378220558	-8.62028828123584E-05	
-0.13433726131916	-9.274799231207E-05	
-0.133723840117455	-8.78161590662785E-05	
-0.132803723216057	-8.73622338986024E-05	
-0.131883606314659	-8.82762178662233E-05	
-0.131883606314659	-8.97790741873905E-05	
-0.130963489413261	-8.53563687996939E-05	
-0.130350068211555	-8.95153134479187E-05	
-0.129736661911011	-8.78406935953535E-05	
-0.128816545009613	-8.68285642354749E-05	
-0.127896428108215	-9.19260201044381E-05	
-0.127283006906509	-8.73438257258385E-05	
-0.126362890005112	-8.59268475323915E-05	
-0.125749483704567	-9.04906337382272E-05	
-0.125136062502861	-8.94662371138111E-05	
-0.124215945601463	-8.39025815366767E-05	
-0.124215945601463	-9.05335764400661E-05	
-0.122989125549793	-8.62458182382397E-05	
-0.122069001197815	-8.61783482832834E-05	
-0.121148884296417	-8.6693609773647E-05	
-0.121148884296417	-8.88712238520384E-05	
-0.12022876739502	-8.50005963002332E-05	
-0.119922056794167	-9.20425736694597E-05	
-0.119001939892769	-8.77609490999021E-05	
-0.118388526141644	-8.94785043783486E-05	
-0.117775112390518	-8.84234323166311E-05	
-0.116241581737995	-8.52888988447376E-05	
-0.116241581737995	-8.71291340445168E-05	
-0.115321464836597	-8.90736555447802E-05	
-0.114708051085472	-8.1982601841446E-05	
-0.113787934184074	-8.64237081259489E-05	
-0.113174520432949	-8.70248550199904E-05	
-0.112867817282677	-8.39393906062469E-05	
-0.111947692930698	-8.44730602693744E-05	
-0.111334279179573	-8.29885975690559E-05	
-0.110414162278175	-8.6147672845982E-05	
-0.110107459127903	-7.97007087385282E-05	
-0.109187334775925	-8.81473970366642E-05	
-0.10857392847538	-8.02589129307307E-05	
-0.107960514724255	-8.44117166707292E-05	
-0.107040390372276	-8.36265462567098E-05	
-0.106120273470879	-8.1841521023307E-05	
-0.105813570320606	-8.18537882878445E-05	
-0.104586742818356	-8.80799270817079E-05	
-0.10397332906723	-7.74310829001479E-05	
-0.103359915316105	-8.20010027382523E-05	
-0.10274650156498	-8.65157198859379E-05	
-0.101826384663582	-8.06637617642991E-05	
-0.101519681513309	-8.65463953232393E-05	
-0.100292854011059	-8.33259764476679E-05	
-0.0999861508607864	-7.98785986262374E-05	
-0.0990660265088081	-8.22218353278004E-05	
-0.0984526127576828	-8.19028573459946E-05	
-0.0981459096074104	-8.08416516520083E-05	
-0.0975324958562851	-8.48042982397601E-05	
-0.0966123789548874	-8.18108455860056E-05	
-0.0956922620534897	-8.43810485093854E-05	
-0.0950788483023643	-8.13753213151358E-05	
-0.0947721377015114	-8.55894686537795E-05	
-0.0935453176498413	-8.16145548014902E-05	
-0.0932386070489883	-8.43994494061917E-05	
-0.092625193297863	-8.0185302067548E-05	
-0.0920117795467377	-8.1461199442856E-05	
-0.09109166264534	-8.30315402708948E-05	
-0.0901715457439423	-8.52827652124688E-05	
-0.0895581319928169	-8.01791684352793E-05	
-0.0889447182416916	-8.58900384628214E-05	
-0.0883313044905663	-8.2712562289089E-05	
-0.0877178907394409	-7.78543326305225E-05	
-0.0867977738380432	-8.30192730063573E-05	
-0.0861843600869179	-8.37676343508065E-05	
-0.0855709463357925	-7.94553416199051E-05	
-0.0846508294343948	-8.48595082061365E-05	
-0.0837307125329971	-8.46509501570836E-05	
-0.0834240019321442	-7.87192475399934E-05	
-0.0828105956315994	-8.4871775470674E-05	
-0.0815837681293488	-7.74862855905667E-05	
-0.0809703543782234	-8.16390893305652E-05	
-0.0803569406270981	-7.89400728535838E-05	
-0.0797435268759727	-7.70568949519657E-05	
-0.0791301131248474	-7.58852838771418E-05	
-0.0782099962234497	-8.14427985460497E-05	
-0.0775965824723244	-7.87131139077246E-05	
-0.076983168721199	-7.7792996307835E-05	
-0.0760630518198013	-8.09582052170299E-05	
-0.0751429349184036	-7.81181006459519E-05	
-0.0748362243175507	-7.7179582149256E-05	
-0.073916107416153	-8.23506488814019E-05	
-0.0726892799139023	-7.98847322585061E-05	
-0.0726892799139023	-7.49099563108757E-05	
-0.0720758736133575	-8.09827397461049E-05	
-0.0711557492613792	-7.51430488890037E-05	
-0.0708490461111069	-7.75292282924056E-05	
-0.0702356323599815	-7.65600343584083E-05	
-0.0696222186088562	-7.18490264262073E-05	
-0.0687021017074585	-7.70200931583531E-05	
-0.0680886879563332	-7.7388140198309E-05	
-0.0671685710549355	-7.38058079150505E-05	
-0.0662484541535378	-8.16084211692214E-05	
-0.0656350404024124	-7.51798579585738E-05	
-0.0650216266512871	-7.81119670136832E-05	
-0.0644082129001617	-7.43578857509419E-05	
-0.0637947991490364	-8.11667632660829E-05	
-0.0631813853979111	-7.42781412554905E-05	
-0.0622612684965134	-7.93510625953786E-05	
-0.061647854745388	-7.84493458922952E-05	
-0.0613411478698254	-7.89584810263477E-05	
-0.0598076172173023	-7.92529172031209E-05	
-0.059194203466177	-8.152867667377E-05	
-0.0582740865647793	-7.75660300860181E-05	
-0.0579673796892166	-8.08293843874708E-05	
-0.0570472590625286	-7.46093792258762E-05	
-0.0567405521869659	-7.516144978581E-05	
-0.0555137284100056	-8.13630540505983E-05	
-0.0552070215344429	-7.81733106123284E-05	
-0.0542869046330452	-7.9093428212218E-05	
-0.0536734908819199	-7.57135276217014E-05	
-0.0527533702552319	-7.57748639443889E-05	
-0.0524466633796692	-7.21495962352492E-05	
-0.0518332533538342	-7.79402107582428E-05	
-0.0515265464782715	-7.08675652276725E-05	
-0.0506064258515835	-7.84432122600265E-05	
-0.0496863089501858	-7.74372165324166E-05	
-0.0493796020746231	-7.60631664888933E-05	
-0.0481527745723724	-7.52596024540253E-05	
-0.0475393645465374	-7.85658921813592E-05	
-0.0469259507954121	-7.50326362322085E-05	
-0.0460058301687241	-7.75660300860181E-05	
-0.0450857132673264	-7.76335073169321E-05	
-0.044472299516201	-7.36831279937178E-05	
-0.0438588857650757	-7.63637435738929E-05	
-0.042938768863678	-7.81610433477908E-05	
-0.0423253551125526	-7.5449759606272E-05	
-0.0417119450867176	-7.88357938290574E-05	
-0.0410985313355923	-7.19778399798088E-05	
-0.0404851175844669	-7.02970937709324E-05	
-0.0404851175844669	-7.52105261199176E-05	
-0.0395650006830692	-7.14135021553375E-05	
-0.0386448800563812	-7.21679971320555E-05	
-0.0377247594296932	-7.55785731598735E-05	
-0.0371113494038582	-7.07755534676835E-05	
-0.0364979356527328	-7.04627091181464E-05	
-0.0352711118757725	-7.80567643232644E-05	
-0.0349644050002098	-7.08368970663287E-05	
-0.0337375774979591	-7.46829900890589E-05	
-0.0337375774979591	-7.22784170648083E-05	
-0.0328174605965614	-7.04075064277276E-05	
-0.0318973399698734	-7.45664437999949E-05	
-0.0312839262187481	-7.21434626029804E-05	
-0.0306705143302679	-7.14380366844125E-05	
-0.0297503955662251	-7.75598964537494E-05	
-0.0288302768021822	-7.60938419261947E-05	
-0.0288302768021822	-6.84016486047767E-05	
-0.028216864913702	-7.82898569013923E-05	
-0.0272967461496592	-7.05792626831681E-05	
-0.0269900392740965	-7.4860879976768E-05	
-0.025763213634491	-7.71734485169873E-05	
-0.0254565067589283	-7.22538752597757E-05	
-0.0242296811193228	-7.18122173566371E-05	
-0.0239229761064053	-7.42290649213828E-05	
-0.0230028573423624	-6.91868117428385E-05	
-0.0220827367156744	-7.00517266523093E-05	
-0.0214693248271942	-7.25544523447752E-05	
-0.020855912938714	-7.14073685230687E-05	
-0.0202424991875887	-7.04443082213402E-05	
-0.0193223804235458	-7.44437638786621E-05	
-0.0187089685350657	-7.20269163139164E-05	
-0.0177888479083776	-6.93463007337414E-05	
-0.0168687291443348	-7.14748457539827E-05	
-0.0171754360198975	-6.9082532718312E-05	
-0.0159486103802919	-7.12049441062845E-05	
-0.0159486103802919	-6.77943680784665E-05	
-0.014721785672009	-6.71012094244361E-05	
-0.0138016659766436	-7.00823948136531E-05	
-0.0131882531568408	-7.29899693396874E-05	
-0.0125748412683606	-6.54327304800972E-05	
-0.0113480156287551	-7.03400291968137E-05	
-0.011041309684515	-7.08552979631349E-05	
-0.0104278968647122	-7.03338955645449E-05	
-0.0101211899891496	-7.03891055309214E-05	
-0.00889436528086662	-7.36831279937178E-05	
-0.00858765840530396	-6.77207572152838E-05	
-0.00736083323135972	-7.46339210309088E-05	
-0.00674742041155696	-7.15607238817029E-05	
-0.00552059523761272	-6.89721200615168E-05	
-0.00552059523761272	-7.63514763093553E-05	
-0.00490718241780996	-7.24563069525175E-05	
-0.00460047600790858	-6.85856721247546E-05	
-0.00337365083396435	-7.1996240876615E-05	
-0.00245353160426021	-6.72238966217265E-05	
-0.00214682542718947	-6.56106203678064E-05	
-0.00122670631390065	-7.12417458998971E-05	
-0.000613293668720871	-6.50646834401414E-05	
-0.000306587317027152	-6.80765369907022E-05	
